67785.9
67827.9
67833.9
67855.9
67879.9
67895.9
67972.9
68002.9
68010.9
68026.9
68093.9
68095.9
68096.9
68115.9
68154.9
68168.9
68196.9
68241.9
68253.9
68299.9
68307.9
68317.9
68319.9
68335.9
68337.9
68349.9
68381.9
68382.9
68384.9
68406.9
68414.9
68426.9
68426.9
68446.9
68448.9
68452.9
68476.9
68477.9
68480.9
68482.9
68509.9
68528.9
68537.9
68539.9
68551.9
68551.9
68561.9
68569.9
68569.9
68581.9
68585.9
68585.9
68585.9
68604.9
68605.9
68607.9
68629.9
68638.9
68640.9
68642.9
68644.9
68644.9
68657.9
68660.9
68660.9
68664.9
68668.9
68672.9
68686.9
68696.9
68698.9
68702.9
68713.9
68716.9
68720.9
68720.9
68726.9
68734.9
68736.9
68739.9
68742.9
68746.9
68751.9
68753.9
68757.9
68758.9
68781.9
68785.9
68793.9
68803.9
68807.9
68807.9
68809.9
68811.9
68813.9
68815.9
68819.9
68819.9
68821.9
68827.9
68829.9
68829.9
68837.9
68840.9
68846.9
68852.9
68862.9
68867.9
68869.9
68876.9
68880.9
68886.9
68891.9
68892.9
68900.9
68907.9
68914.9
68916.9
68916.9
68918.9
68920.9
68936.9
68948.9
68968.9
68971.9
68974.9
68974.9
68981.9
68990.9
69001.9
69003.9
69003.9
69012.9
69015.9
69018.9
69053.9
69067.9
69069.9
69071.9
69078.9
69082.9
69082.9
69083.9
69096.9
69097.9
69106.9
69107.9
69116.9
69118.9
69122.9
69126.9
69144.9
69150.9
69152.9
69156.9
69168.9
69178.9
69180.9
69184.9
69187.9
69188.9
69188.9
69192.9
69199.9
69202.9
69213.9
69232.9
69234.9
69235.9
69237.9
69239.9
69241.9
69247.9
69248.9
69249.9
69256.9
69278.9
69283.9
69285.9
69287.9
69301.9
69303.9
69309.9
69311.9
69313.9
69317.9
69319.9
69320.9
69323.9
69335.9
69346.9
69357.9
69364.9
69364.9
69368.9
69371.9
69376.9
69381.9
69386.9
69388.9
69392.9
69392.9
69393.9
69400.9
69402.9
69416.9
69418.9
69422.9
69436.9
69436.9
69438.9
69440.9
69444.9
69447.9
69451.9
69452.9
69456.9
69458.9
69460.9
69460.9
69464.9
69476.9
69479.9
69486.9
69490.9
69492.9
69492.9
69492.9
69503.9
69507.9
69508.9
69510.9
69513.9
69513.9
69513.9
69515.9
69529.9
69537.9
69539.9
69543.9
69545.9
69548.9
69549.9
69551.9
69551.9
69553.9
69553.9
69561.9
69569.9
69570.9
69577.9
69582.9
69599.9
69612.9
69620.9
69624.9
69630.9
69633.9
69640.9
69643.9
69652.9
69652.9
69654.9
69654.9
69664.9
69668.9
69682.9
69684.9
69690.9
69696.9
69700.9
69705.9
69710.9
69710.9
69711.9
69717.9
69730.9
69731.9
69735.9
69736.9
69745.9
69745.9
69767.9
69767.9
69769.9
69775.9
69777.9
69788.9
69789.9
69791.9
69801.9
69806.9
69807.9
69807.9
69809.9
69812.9
69815.9
69815.9
69816.9
69816.9
69830.9
69832.9
69833.9
69836.9
69845.9
69866.9
69866.9
69867.9
69868.9
69870.9
69870.9
69886.9
69908.9
69912.9
69918.9
69918.9
69920.9
69925.9
69934.9
69938.9
69940.9
69945.9
69947.9
69949.9
69963.9
69968.9
69971.9
69973.9
69975.9
69981.9
69988.9
69993.9
70009.9
70010.9
70015.9
70019.9
70041.9
70047.9
70048.9
70050.9
70055.9
70061.9
70065.9
70067.9
70069.9
70076.9
70084.9
70091.9
70097.9
70098.9
70100.9
70108.9
70122.9
70124.9
70126.9
70130.9
70142.9
70144.9
70148.9
70152.9
70167.9
70171.9
70172.9
70179.9
70195.9
70199.9
70203.9
70228.9
70233.9
70241.9
70243.9
70249.9
70251.9
70259.9
70263.9
70265.9
70269.9
70273.9
70275.9
70277.9
70291.9
70309.9
70310.9
70318.9
70320.9
70324.9
70337.9
70338.9
70339.9
70355.9
70356.9
70356.9
70359.9
70366.9
70368.9
70376.9
70378.9
70378.9
70382.9
70392.9
70396.9
70414.9
70419.9
70420.9
70422.9
70430.9
70431.9
70436.9
70437.9
70446.9
70447.9
70448.9
70448.9
70449.9
70459.9
70461.9
70471.9
70499.9
70501.9
70505.9
70509.9
70511.9
70513.9
70513.9
70515.9
70521.9
70523.9
70531.9
70531.9
70531.9
70539.9
70551.9
70554.9
70557.9
70585.9
70585.9
70603.9
70614.9
70619.9
70622.9
70622.9
70640.9
70656.9
70668.9
70679.9
70682.9
70685.9
70707.9
70711.9
70720.9
70753.9
70756.9
70775.9
70775.9
70779.9
70788.9
70793.9
70793.9
70797.9
70800.9
70801.9
70807.9
70827.9
70834.9
70844.9
70844.9
70848.9
70850.9
70854.9
70868.9
70874.9
70882.9
70884.9
70886.9
70886.9
70896.9
70898.9
70902.9
70909.9
70919.9
70920.9
70927.9
70942.9
70943.9
70952.9
70961.9
70975.9
70975.9
70975.9
70978.9
70979.9
70983.9
70991.9
70995.9
70997.9
71003.9
71017.9
71030.9
71036.9
71047.9
71050.9
71060.9
71067.9
71068.9
71092.9
71095.9
71104.9
71110.9
71110.9
71114.9
71134.9
71148.9
71173.9
71181.9
71198.9
71199.9
71207.9
71215.9
71227.9
71231.9
71235.9
71235.9
71237.9
71243.9
71253.9
71258.9
71260.9
71264.9
71269.9
71270.9
71277.9
71299.9
71299.9
71313.9
71324.9
71332.9
71346.9
71362.9
71364.9
71368.9
71374.9
71376.9
71380.9
71386.9
71386.9
71392.9
71392.9
71401.9
71405.9
71414.9
71432.9
71437.9
71439.9
71439.9
71445.9
71448.9
71455.9
71457.9
71471.9
71473.9
71516.9
71522.9
71525.9
71529.9
71549.9
71550.9
71552.9
71570.9
71578.9
71582.9
71590.9
71596.9
71600.9
71600.9
71616.9
71636.9
71643.9
71657.9
71669.9
71674.9
71680.9
71681.9
71698.9
71731.9
71764.9
71775.9
71824.9
71836.9
71838.9
71844.9
71850.9
71876.9
71899.9
71928.9
71944.9
71955.9
71971.9
71979.9
71995.9
72001.9
72003.9
72025.9
72033.9
72061.9
72066.9
72068.9
72080.9
72092.9
72096.9
72120.9
72120.9
72144.9
72145.9
72146.9
72163.9
72169.9
72172.9
72177.9
72177.9
72205.9
72217.9
72234.9
72235.9
72257.9
72262.9
72289.9
72326.9
72332.9
72338.9
72348.9
72350.9
72354.9
72361.9
72368.9
72373.9
72384.9
72418.9
72445.9
72449.9
72506.9
72513.9
72530.9
72536.9
72586.9
72600.9
72624.9
72636.9
72661.9
72666.9
72671.9
72683.9
72713.9
72740.9
72749.9
72769.9
72775.9
72776.9
72788.9
72798.9
72816.9
72817.9
72829.9
72856.9
72860.9
72893.9
72895.9
72903.9
72907.9
72972.9
72972.9
72984.9
72992.9
73104.9
73119.9
73178.9
73258.9
73270.9
73280.9
73298.9
73351.9
73362.9
73374.9
73409.9
73449.9
73462.9
73490.9
73520.9
73524.9
73524.9
73571.9
73580.9
73581.9
73581.9
73591.9
73593.9
73614.9
73639.9
73659.9
73732.9
73770.9
73794.9
73830.9
73881.9
73883.9
73897.9
73945.9
73970.9
73981.9
74034.9
74038.9
74057.9
74206.9
74256.9
74293.9
74304.9
74320.9
74329.9
74399.9
74401.9
74407.9
74423.9
74478.9
74528.9
74575.9
74631.9
74648.9
74653.9
74661.9
74670.9
74705.9
74740.9
74769.9
74839.9
74913.9
74944.9
74998.9
75012.9
75113.9
75159.9
75218.9
75294.9
75299.9
75400.9
75450.9
75494.9
75502.9
75502.9
75505.9
75512.9
75516.9
75522.9
75541.9
75554.9
75575.9
75597.9
75636.9
75645.9
75650.9
75742.9
75760.9
75869.9
75869.9
75914.9
75942.9
75991.9
76354.9
76359.9
76493.9
76692.9
76704.9
76732.9
76799.9
76831.9
76859.9
76872.9
76918.9
76985.9
77005.9
77035.9
77051.9
77153.9
77194.9
77364.9
77467.9
77515.9
77593.9
77614.9
77618.9
77708.9
77714.9
77755.9
77932.9
77956.9
77962.9
78057.9
78120.9
78138.9
78173.9
78249.9
78261.9
trimmed mean: 71001.34749999904
trimmed stddev: 2257.315968078849
trimmed mean (rounded): 71001.3
trimmed stddev (rounded): 2257.3
trimmed mean time (rounded): 24424.5
trimmed stddev time (rounded): 776.5
