3408560597
165681416
155455359
153726172
161559273
156037780
602584041
142875602
147812741
167566015
146868433
163061794
141106840
152593237
147664713
157700599
159336168
157627975
148618907
144790879
166576360
148537991
152086622
138536864
160177626
148392722
154691066
148592763
157667828
140879195
150835886
173808252
151159705
146783116
155920983
155137367
162034819
144828748
150003478
533969418
521362392
142404383
172326707
156578021
183746700
147169945
134291765
140089094
231889175
137802068
152698406
143333604
147917951
157042435
168191077
202138289
162076120
164046742
141066483
173881872
162594476
159911705
225963579
147571024
169528410
151960278
140689491
150437222
156931958
142019454
376174472
191666029
175100818
148577227
150535027
143951857
132344710
174936315
145092044
149405763
160721779
172090500
149258239
167446673
150039153
144557006
152044066
151085452
165317710
162443468
154896222
160460980
182943864
158451036
151675883
189796389
167663964
143785982
157245312
153475311
158002768
155278603
146092012
147891698
203601981
811104536
153211378
181026519
154418683
147631987
148101781
182657034
140584673
190655594
151077228
157784896
153660062
145076636
156728489
156919031
156770908
158300222
145361144
151132577
154927375
155780982
166031784
227151525
138639602
138252850
163467249
157369450
147330125
156319009
152962420
179473158
489036371
204436305
156248268
156604734
141274986
154924218
153129678
152143460
148025318
147209475
171611936
153246650
142819079
154261832
149423106
155984798
146144320
141012178
145404792
166874810
148803118
144714427
150327303
143422139
140244304
134390796
140941587
181607226
153178433
153785434
178958222
135802374
143359046
142854996
188120862
158932448
187071812
314832397
210477116
211366418
144953753
158975612
143477736
146313833
151603344
144154354
156426243
144853371
165212445
137724607
226631693
163021650
152298994
156936367
171455492
162074906
442903616
289245031
178732944
220528982
383951537
170760548
566948606
575753401
181667335
163871357
223130271
201345008
146083534
158552721
164957158
156928760
224241661
173179472
165954396
205052215
152391598
171636580
156445732
149680609
159346069
173632814
155620484
151795202
142456934
175127325
167823184
141634904
233578626
158438384
172139549
437283409
255291100
180644147
201679606
298050375
173913953
171520380
144883190
184534656
177492944
144918050
149756215
157948060
197536525
162968297
138969605
168731217
230088453
181214634
184129201
162310868
152881040
194901447
162167160
202531276
177227853
178716581
285330584
163113716
141356830
588863569
184985538
167901830
168710852
219768293
174925346
161711285
274443181
198653335
155912211
382287250
175296188
262506132
164320561
154638560
171679737
160679949
218295777
189953576
141694223
149001937
145959005
158071169
168220794
239493590
157000210
179273814
143399306
450853942
270033970
152427790
171018948
187297928
215654078
159103461
174734732
325589131
160918017
227998541
157805130
187920058
154840232
147868300
150803123
154495890
175684780
164541616
163460122
161811356
182139570
305805720
176824601
133352935
160344687
157793526
252364041
148185663
287961269
171364835
141105518
165911639
157679754
171837388
167156305
153899952
195106905
176182377
154776731
187030745
179153533
141296921
153128267
213265569
310879814
166454199
178400420
199102314
169526348
122322599
183959765
135378209
158253411
225260058
262020854
165723463
157999985
158835406
193455465
223147680
265115134
150155289
221677711
147931926
159105211
175123300
137510760
215210249
147098627
151870638
147126949
201086920
168593535
179996018
141307083
414861818
207152012
168810504
154343926
216052365
145545516
176340020
152726418
142775200
144944420
137154646
155393133
150256119
149921089
171057619
184170422
163263134
156246182
152278137
140999049
143580693
142229817
163187138
166876758
209100047
152021246
159818244
158387814
174230243
140948226
178830320
174641562
151520024
371451935
254800820
151651095
157372814
151904279
139909851
152525401
140880385
145659453
156893723
151082423
149660084
186916061
145454805
136239031
154413993
157499706
186381176
169237469
193756901
160039234
176069693
259610248
201723666
142540819
149622143
167306566
172909960
140119932
233677494
150637732
143171378
165758606
425416313
190876290
161143609
145050485
148676411
152575519
142646331
179874176
165436145
162886002
162772322
147711892
151171193
138292352
149589937
136200637
133739913
129048149
147083728
135427282
176135428
153395769
140419097
143712438
153310110
154443807
201076623
148480133
157018768
148304981
180872498
163823416
147764103
154293158
133560405
253531029
156513634
163623730
162369255
167985530
144030212
155070058
171999217
141290281
151994247
147369212
149793507
146316233
146316882
180229843
230666507
158336607
150263100
154070450
145183495
148552967
145402401
141358799
147140163
159648049
154952612
181363004
161414400
167411317
171157610
153299538
163042680
145929218
158845581
156418584
226295273
298841387
154721232
168224913
153636253
140886027
177121200
153484043
167647739
143135345
171696793
161621346
138535006
168665183
152239086
163189034
191265394
180932453
143079830
194983208
188849463
254005652
193654208
161150740
151664292
286318597
153533596
170698689
165640450
180908596
231167104
143042642
702885737
142856262
137115494
145998229
144348277
155750204
170293565
143611383
147322542
152717472
150377187
146270906
156982960
155176031
152690292
143576180
176260458
136019193
150363304
149757328
143024843
152805266
135221453
149078784
146835770
176865768
146028604
157753931
137763135
151723807
158123707
147003659
155779647
218359710
201958796
177398257
184994863
155916933
169831276
147680944
141947367
147256020
145960884
140668643
160220824
153964614
211199571
153047584
155055813
167750112
138227536
150336648
140607368
189951305
151798456
147076013
144636277
151905336
156298943
141087109
170373324
208420665
160890207
137773443
167105811
156946204
148042875
171878834
371029560
237732294
209736741
158497359
161399448
181911025
148884619
151503801
152755422
149421952
160944891
154355901
136983935
152414972
157588735
140738811
135268001
160429366
145254438
140345783
156874387
158793902
151498703
158933625
136383057
162261621
153214681
153273410
147528596
136723236
140608789
156444978
141434964
185927656
138539918
584291552
289056093
168472721
169349612
133298706
157264789
164658962
151518842
137661793
152882601
127728141
154469048
148183384
172052841
138922222
154702187
163179310
136090677
135546297
143399109
155872757
143120151
156427022
156408807
170372433
139705959
157314064
198372773
164556645
155812639
157914728
193951134
144096101
148676451
339313088
207940641
152455131
146524873
170339028
144767877
150559679
146638730
162246089
157397655
153241761
153401001
138566934
170681575
165016505
207488630
210756533
210592550
157389761
205963227
145697017
161127311
156914365
196203649
161198511
189182863
156841026
155077189
137507054
168333845
181151101
172193769
464975331
158913313
154871462
169939261
152749577
158098790
157297528
162518593
139256274
129047158
172576258
171540716
251940469
364504857
153577968
140131104
169890429
196016559
185339754
155934152
155166592
173918974
178479824
157908856
225463624
156619762
167401890
155355087
157771626
153625617
157498964
148681226
396160014
173873023
170448247
153351709
140847106
147743363
145022686
165479023
167994412
142065789
148907476
142401254
157439715
141376715
176608724
144956932
145676902
147341519
142490847
165182480
145248992
145275564
121573237
168709873
145407693
141410058
147527584
138560900
146267132
147600640
149023063
172254761
163872349
163218756
228344210
678129371
161827183
142640148
160715874
176477495
147777707
160245072
166432923
148584588
147753503
192659278
131259643
178284215
148897816
155048327
143004302
154465607
164759565
156621311
156220273
152866185
148663351
169335717
148129894
140575477
146245633
162956484
223608662
183810245
146548138
157342443
259750801
279759429
169346276
142391716
159338644
147848625
147224019
154943117
137965636
150954163
146147293
139132338
138600482
141284376
140417181
178226551
158781395
134634675
162296990
146711629
143119485
143747367
140118783
149876266
139929361
159977951
157117931
149454062
154652682
158992427
152410104
136705784
142163376
149913591
150370665
177238505
268666367
411593354
148863012
131311027
143840141
136049597
169060248
158441643
148904113
142995614
152829852
158077369
157556564
162497837
158477742
169754449
142814340
136239833
140479040
146690889
172387595
144547269
150614399
151739675
157946390
161096802
171503411
148323567
144800018
153851367
168678586
147607392
315390977
577037787
230043877
162022175
157492257
147500266
147321154
146789262
157914390
159319470
141333574
157627091
178239389
154844083
158203765
151479227
156789304
164145244
158898552
148365554
146843571
154087644
139177221
136826610
142084734
141102770
138909287
161223066
169995146
140938783
157341971
160891672
142915968
154337730
149418580
143307895
286994774
396903175
144070852
135066972
148785466
138402402
144313735
147827168
135288801
154637693
142872561
164114442
132175274
143697285
138820933
161963510
176968345
162558482
165757722
168412148
181994882
147832896
152237384
195370714
147796326
157087887
141403404
176687293
184686592
199348787
148104427
166650723
165193718
586297518
300026647
142339951
150991657
149449823
131818812
151460113
163635468
179858079
150903734
153543507
150330585
183675628
153380140
163846120
180132018
190102341
161349386
135098662
151907893
170017043
182267329
161187923
258784539
186363277
182895295
156350691
152034919
142570976
199704196
158033002
642261958
158893852
137094053
220959907
155066118
197934938
155835961
175556964
125971837
204889208
150686314
251779426
237834075
173573431
168041755
156869897
152947126
155279481
144211031
140233410
225263824
157868550
195027203
298324831
204643476
166423828
157599856
157219277
143784978
226322635
130755831
197592133
144395019
151078934
139412885
162632745
