278931
84843
71993
66028
65493
65445
63596
64154
64891
64763
62585
64551
66534
68153
65011
63734
72941
65439
66181
63672
67933
65558
63680
65878
68724
69906
68796
68134
64759
64890
65518
64564
71483
63882
75337
62868
64749
62618
62984
63579
65469
72255
63031
62638
62755
65351
83040
64133
69637
64679
63140
62587
79318
63874
62914
61700
62563
75554
65009
67114
63954
65048
89027
103298
85446
64908
62516
63937
63226
62974
64947
90014
99493
63148
63860
61395
62363
61845
69474
63654
66155
63140
63432
63225
63313
62007
62827
62860
64136
62849
62061
63464
62274
63888
72106
62414
67157
64023
63396
63576
61589
71281
61615
62265
63560
62642
61686
63602
73697
62799
61761
63791
66272
63438
61849
70430
62821
62271
63307
64956
66201
65157
70499
579974
75550
71307
69805
71769
273424
88285
72184
72327
79221
74807
73921
75543
78000
72699
71021
71802
72544
76029
72243
71560
82601
73983
69905
71608
85162
73010
71219
71882
70543
72406
71486
73677
75438
69692
71620
71302
81572
75532
79351
73010
84298
74076
70551
70394
72826
70660
69883
79941
70079
71142
69164
69012
75256
93678
85711
87680
76742
74331
70882
72130
70539
80560
70749
72215
70047
71876
83099
71265
78818
69498
71105
69813
69551
69474
68754
69494
70569
69109
70013
69575
74437
69514
69355
69702
75952
69490
70136
81576
70486
87751
71337
71493
84738
70233
70569
73412
908091
121027
71736
73868
78521
78158
73609
81929
127151
70487
72017
69690
70164
70458
72134
72399
70912
70947
69349
70553
87575
70356
71914
71400
70237
69218
68678
68986
69240
69871
72709
81203
73629
69854
68847
68823
74669
71384
70180
70053
71130
71013
68420
68819
73562
69577
69768
70924
69924
637908
79479
70303
75798
69870
68490
69551
70794
69091
72787
70882
71088
73619
74613
71016
70209
72638
69671
68623
77505
69384
70105
70241
70509
68695
68795
70981
69738
75674
69454
68929
71587
68133
71695
72624
75683
71275
72158
71430
70892
71588
72376
71674
80118
79362
70660
69135
70348
70831
68577
70160
74877
68859
69316
71718
71041
69006
70758
74244
70723
70281
70031
69039
82239
68444
68520
67893
75907
81132
70406
71719
69478
70791
71616
69773
167861
70279
68682
78287
103477
71017
71236
90708
80845
70745
68907
71628
70393
68884
70886
72104
73336
71862
71273
69270
71888
96227
68952
69946
75592
69963
68958
70845
73558
68518
68758
68291
69116
69783
84186
69908
70362
71439
70103
71406
78979
81001
73631
71638
70457
70839
71106
70595
80494
71495
77994
71298
72392
68764
69226
71245
81897
69658
71443
70537
68234
68619
68945
70301
73808
72182
72063
70086
69589
70888
70057
71452
74358
70936
69844
110506
83986
72814
70026
68667
70623
72867
68845
81029
72854
72751
69190
68918
76397
69361
88491
69430
68905
77043
71966
69827
70999
72158
70835
70678
72364
69553
68878
68857
74439
68851
68643
68355
69589
69053
68974
70271
71982
69845
68387
69541
69530
71470
70168
72704
74708
69347
68566
69587
73157
68710
72807
68676
69357
71152
69743
72411
71291
72568
71273
467090
87681
70135
68845
69431
67865
68515
67811
70146
69748
77746
70551
69160
73618
70397
70838
68780
74691
70347
70813
70486
69545
70569
69749
71253
73500
72487
73447
78299
80090
77652
70475
68486
73770
68914
72039
77023
75635
70577
72674
72118
72273
71315
77793
73400
69904
69498
68040
69528
76897
70592
69769
69105
69273
68547
69615
69722
69815
72855
68452
69222
73308
68048
67871
70434
74516
69041
69489
78737
70623
68702
73619
81550
105012
74342
83923
71634
73030
72483
71477
70266
79666
71477
71186
70817
81907
72370
69972
70122
70657
69395
74294
71013
71033
69983
76956
71937
77970
69662
70048
81544
81583
69188
69783
68698
69145
68375
68589
80424
74461
70549
69414
71098
76910
70404
80897
69496
71567
69502
79100
69845
74686
81626
72033
77191
75980
70958
69551
69650
73562
69323
71590
71337
72898
70114
70311
70990
68900
69440
70001
69287
69476
68642
69956
69985
78529
69607
69402
68954
78818
69225
70980
70706
69728
70210
69950
74072
73022
71013
72813
69734
75488
70420
70641
69406
70924
511421
77232
70717
73142
69874
79832
70547
69216
68422
69419
71418
75688
70934
71296
71269
73318
71430
73528
69546
69373
70906
69456
71074
70474
77656
71509
71707
77073
70011
68607
69321
71511
69409
69120
75560
70315
70377
77553
70289
75151
71029
72422
69690
87717
73296
69748
69599
70414
68831
77089
69339
75036
70375
72662
72931
71308
69206
69182
71035
74008
69358
69805
78095
72099
69277
68575
68777
69012
71412
89266
70694
68131
70652
69325
69460
78211
82435
70182
68680
68337
68373
79198
70297
80529
71681
70307
76837
73919
70940
69426
72210
75780
70019
69226
69620
67823
69056
68706
72009
81609
71554
71712
74699
69134
68841
68875
70831
75332
69853
69121
68464
74743
72183
69581
70009
70561
70720
70376
68623
71148
69028
69668
69681
77752
70922
68930
72295
68867
483966
75907
69774
78898
69424
68784
68736
82814
70497
70329
70452
75050
70920
72201
69279
71055
70484
71874
69692
72836
68857
77631
80415
69839
70006
71638
71414
75579
69678
68599
71211
76531
86699
72071
71654
70138
70965
70162
70217
70865
72300
77402
648157
83089
69847
68623
69591
69275
72721
69194
69583
69286
69285
70416
69548
74566
70190
70826
72574
76730
69050
69237
69120
68484
69482
70416
72894
73389
72041
69978
68865
70129
72386
69826
68192
73832
69009
68734
67351
72456
69591
68954
72388
69850
469561
79415
70469
71424
69351
69958
69524
78367
68514
70313
70460
69720
69706
70099
91742
70485
69156
69755
69438
74095
68774
68740
69829
74778
69904
71475
70872
69272
70589
69530
68924
74019
73487
71370
70107
69854
69294
69154
69430
75540
81804
76869
68758
76392
69987
71813
70394
68357
68645
67653
70085
69402
72551
69530
69341
76770
71172
68464
69608
82091
69853
68010
68206
68849
68791
72207
71563
72272
80188
71424
68064
75197
68853
69908
69976
80017
68682
70287
85835
72945
71085
71402
80495
69041
68751
69586
78176
75613
69956
71351
70093
72215
67819
68419
67740
68698
68589
68789
69144
69567
68956
70205
68867
75540
69485
68938
68772
68345
68607
68279
69807
71237
69230
67917
68890
72778
71148
74982
74367
74445
69107
82946
70957
69251
70186
73216
71133
73652
73935
70559
72933
70813
69868
69517
70468
74951
71068
70088
69019
81570
71362
70358
22908958
