141102732.9
141105480.9
141106802.9
141274948.9
141284338.9
141290243.9
141296883.9
141307045.9
141333536.9
141356792.9
141358761.9
141376677.9
141403366.9
141410020.9
141434926.9
141634866.9
141694185.9
141947329.9
142019416.9
142065751.9
142084696.9
142163338.9
142229779.9
142339913.9
142391678.9
142401216.9
142404345.9
142456896.9
142490809.9
142540781.9
142570938.9
142640110.9
142646293.9
142775162.9
142814302.9
142819041.9
142854958.9
142856224.9
142872523.9
142875564.9
142915930.9
142995576.9
143004264.9
143024805.9
143042604.9
143079792.9
143119447.9
143120113.9
143135307.9
143171340.9
143307857.9
143333566.9
143359008.9
143399071.9
143399268.9
143422101.9
143477698.9
143576142.9
143580655.9
143611345.9
143697247.9
143712400.9
143747329.9
143784940.9
143785944.9
143840103.9
143951819.9
144030174.9
144070814.9
144096063.9
144154316.9
144210993.9
144313697.9
144348239.9
144394981.9
144547231.9
144556968.9
144636239.9
144714389.9
144767839.9
144790841.9
144799980.9
144828710.9
144853333.9
144883152.9
144918012.9
144944382.9
144953715.9
144956894.9
145022648.9
145050447.9
145076598.9
145092006.9
145183457.9
145248954.9
145254400.9
145275526.9
145361106.9
145402363.9
145404754.9
145407655.9
145454767.9
145545478.9
145659415.9
145676864.9
145696979.9
145929180.9
145958967.9
145960846.9
145998191.9
146028566.9
146083496.9
146091974.9
146144282.9
146147255.9
146245595.9
146267094.9
146270868.9
146313795.9
146316195.9
146316844.9
146524835.9
146548100.9
146638692.9
146690851.9
146711591.9
146783078.9
146789224.9
146835732.9
146843533.9
146868395.9
147003621.9
147075975.9
147083690.9
147098589.9
147126911.9
147140125.9
147169907.9
147209437.9
147223981.9
147255982.9
147321116.9
147322504.9
147330087.9
147341481.9
147369174.9
147500228.9
147527546.9
147528558.9
147570986.9
147600602.9
147607354.9
147631949.9
147664675.9
147680906.9
147711854.9
147743325.9
147753465.9
147764065.9
147777669.9
147796288.9
147812703.9
147827130.9
147832858.9
147848587.9
147868262.9
147891660.9
147917913.9
147931888.9
148025280.9
148042837.9
148101743.9
148104389.9
148129856.9
148183346.9
148185625.9
148304943.9
148323529.9
148365516.9
148392684.9
148480095.9
148537953.9
148552929.9
148577189.9
148584550.9
148592725.9
148618869.9
148663313.9
148676373.9
148676413.9
148681188.9
148785428.9
148803080.9
148862974.9
148884581.9
148897778.9
148904075.9
148907438.9
149001899.9
149023025.9
149078746.9
149258201.9
149405725.9
149418542.9
149421914.9
149423068.9
149449785.9
149454024.9
149589899.9
149622105.9
149660046.9
149680571.9
149756177.9
149757290.9
149793469.9
149876228.9
149913553.9
149921051.9
150003440.9
150039115.9
150155251.9
150256081.9
150263062.9
150327265.9
150330547.9
150336610.9
150363266.9
150370627.9
150377149.9
150437184.9
150534989.9
150559641.9
150614361.9
150637694.9
150686276.9
150803085.9
150835848.9
150903696.9
150954125.9
150991619.9
151077190.9
151078896.9
151082385.9
151085414.9
151132539.9
151159667.9
151171155.9
151460075.9
151479189.9
151498665.9
151503763.9
151518804.9
151519986.9
151603306.9
151651057.9
151664254.9
151675845.9
151723769.9
151739637.9
151795164.9
151798418.9
151870600.9
151904241.9
151905298.9
151907855.9
151960240.9
151994209.9
152021208.9
152034881.9
152044028.9
152086584.9
152143422.9
152237346.9
152239048.9
152278099.9
152298956.9
152391560.9
152410066.9
152414934.9
152427752.9
152455093.9
152525363.9
152575481.9
152593199.9
152690254.9
152698368.9
152717434.9
152726380.9
152749539.9
152755384.9
152805228.9
152829814.9
152866147.9
152881002.9
152882563.9
152947088.9
152962382.9
153047546.9
153128229.9
153129640.9
153178395.9
153211340.9
153214643.9
153241723.9
153246612.9
153273372.9
153299500.9
153310072.9
153351671.9
153380102.9
153395731.9
153400963.9
153475273.9
153484005.9
153533558.9
153543469.9
153577930.9
153625579.9
153636215.9
153660024.9
153726134.9
153785396.9
153851329.9
153899914.9
153964576.9
154070412.9
154087606.9
154261794.9
154293120.9
154337692.9
154343888.9
154355863.9
154413955.9
154418645.9
154443769.9
154465569.9
154469010.9
154495852.9
154637655.9
154638522.9
154652644.9
154691028.9
154702149.9
154721194.9
154776693.9
154840194.9
154844045.9
154871424.9
154896184.9
154924180.9
154927337.9
154943079.9
154952574.9
155048289.9
155055775.9
155066080.9
155070020.9
155077151.9
155137329.9
155166554.9
155175993.9
155278565.9
155279443.9
155355049.9
155393095.9
155455321.9
155620446.9
155750166.9
155779609.9
155780944.9
155812601.9
155835923.9
155872719.9
155912173.9
155916895.9
155920945.9
155934114.9
155984760.9
156037742.9
156220235.9
156246144.9
156248230.9
156298905.9
156318971.9
156350653.9
156408769.9
156418546.9
156426205.9
156426984.9
156444940.9
156445694.9
156513596.9
156577983.9
156604696.9
156619724.9
156621273.9
156728451.9
156770870.9
156789266.9
156840988.9
156869859.9
156874349.9
156893685.9
156914327.9
156918993.9
156928722.9
156931920.9
156936329.9
156946166.9
156982922.9
157000172.9
157018730.9
157042397.9
157087849.9
157117893.9
157219239.9
157245274.9
157264751.9
157297490.9
157314026.9
157341933.9
157342405.9
157369412.9
157372776.9
157389723.9
157397617.9
157439677.9
157492219.9
157498926.9
157499668.9
157556526.9
157588697.9
157599818.9
157627053.9
157627937.9
157667790.9
157679716.9
157700561.9
157753893.9
157771588.9
157784858.9
157793488.9
157805092.9
157868512.9
157908818.9
157914352.9
157914690.9
157946352.9
157948022.9
157999947.9
158002730.9
158032964.9
158071131.9
158077331.9
158098752.9
158123669.9
158203727.9
158253373.9
158300184.9
158336569.9
158387776.9
158438346.9
158441605.9
158450998.9
158477704.9
158497321.9
158552683.9
158781357.9
158793864.9
158835368.9
158845543.9
158893814.9
158898514.9
158913275.9
158932410.9
158933587.9
158975574.9
158992389.9
159103423.9
159105173.9
159319432.9
159336130.9
159338606.9
159346031.9
159648011.9
159818206.9
159911667.9
159977913.9
160039196.9
160177588.9
160220786.9
160245034.9
160344649.9
160429328.9
160460942.9
160679911.9
160715836.9
160721741.9
160890169.9
160891634.9
160917979.9
160944853.9
161096764.9
161127273.9
161143571.9
161150702.9
161187885.9
161198473.9
161223028.9
161349348.9
161399410.9
161414362.9
161559235.9
161621308.9
161711247.9
161811318.9
161827145.9
161963472.9
162022137.9
162034781.9
162074868.9
162076082.9
162167122.9
162246051.9
162261583.9
162296952.9
162310830.9
162369217.9
162443430.9
162497799.9
162518555.9
162558444.9
162594438.9
162632707.9
162772284.9
162885964.9
162956446.9
162968259.9
163021612.9
163042642.9
163061756.9
163113678.9
163179272.9
163187100.9
163188996.9
163218718.9
163263096.9
163460084.9
163467211.9
163623692.9
163635430.9
163823378.9
163846082.9
163871319.9
163872311.9
164046704.9
164114404.9
164145206.9
164320523.9
164541578.9
164556607.9
164658924.9
164759527.9
164957120.9
165016467.9
165182442.9
165193680.9
165212407.9
165317672.9
165436107.9
165478985.9
165640412.9
165681378.9
165723425.9
165757684.9
165758568.9
165911601.9
165954358.9
166031746.9
166423790.9
166432885.9
166454161.9
166576322.9
166650685.9
166874772.9
166876720.9
167105773.9
167156267.9
167306528.9
167401852.9
167411279.9
167446635.9
167565977.9
167647701.9
167663926.9
167750074.9
167823146.9
167901792.9
167985492.9
167994374.9
168041717.9
168191039.9
168220756.9
168224875.9
168333807.9
168412110.9
168472683.9
168593497.9
168665145.9
168678548.9
168709835.9
168710814.9
168731179.9
168810466.9
169060210.9
169237431.9
169335679.9
169346238.9
169349574.9
169526310.9
169528372.9
169754411.9
169831238.9
169890391.9
169939223.9
169995108.9
170017005.9
170293527.9
170338990.9
170372395.9
170373286.9
170448209.9
170681537.9
170698651.9
170760510.9
171018910.9
171057581.9
171157572.9
171364797.9
171455454.9
171503373.9
171520342.9
171540678.9
171611898.9
171636542.9
171679699.9
171696755.9
171837350.9
171878796.9
171999179.9
172052803.9
172090462.9
172139511.9
172193731.9
172254723.9
172326669.9
172387557.9
172576220.9
172909922.9
173179434.9
173573393.9
173632776.9
173808214.9
173872985.9
173881834.9
173913915.9
173918936.9
174230205.9
174641524.9
174734694.9
174925308.9
174936277.9
175100780.9
175123262.9
175127287.9
175296150.9
175556926.9
175684742.9
176069655.9
176135390.9
176182339.9
176260420.9
176339982.9
176477457.9
176608686.9
176687255.9
176824563.9
176865730.9
176968307.9
177121162.9
177227815.9
177238467.9
177398219.9
177492906.9
178226513.9
178239351.9
178284177.9
178400382.9
178479786.9
178716543.9
178732906.9
178830282.9
178958184.9
179153495.9
179273776.9
179473120.9
179858041.9
179874138.9
179995980.9
180131980.9
180229805.9
180644109.9
180872460.9
180908558.9
180932415.9
181026481.9
181151063.9
181214596.9
181362966.9
181607188.9
181667297.9
181910987.9
181994844.9
182139532.9
182267291.9
182656996.9
182895257.9
182943826.9
183675590.9
183746662.9
183810207.9
183959727.9
184129163.9
184170384.9
184534618.9
184686554.9
184985500.9
184994825.9
185339716.9
185927618.9
186363239.9
186381138.9
186916023.9
187030707.9
187071774.9
187297890.9
187920020.9
188120824.9
188849425.9
189182825.9
189796351.9
189951267.9
189953538.9
190102303.9
190655556.9
190876252.9
191265356.9
191665991.9
192659240.9
193455427.9
193654170.9
193756863.9
193951096.9
194901409.9
194983170.9
195027165.9
195106867.9
195370676.9
196016521.9
196203611.9
197536487.9
197592095.9
197934900.9
198372735.9
198653297.9
199102276.9
199348749.9
199704158.9
201076585.9
201086882.9
201344970.9
201679568.9
201723628.9
201958758.9
202138251.9
202531238.9
203601943.9
204436267.9
204643438.9
204889170.9
205052177.9
205963189.9
207151974.9
207488592.9
207940603.9
208420627.9
209100009.9
209736703.9
210477078.9
210592512.9
trimmed mean: 160391584.876248
trimmed stddev: 14974576.027189838
trimmed mean (rounded): 160391584.9
trimmed stddev (rounded): 14974576.0
trimmed mean time (rounded): 55174705.2
trimmed stddev time (rounded): 5151254.2
