24803419
26427973
14074315
10995957
9049957
8563045
7281626
7116361
6504629
6507600
6492659
6501691
6494447
6474583
6493287
6473639
6492219
6469884
6490712
6484382
6473629
6522404
6476600
6494633
6472538
6485630
6476428
6633811
6489686
6480700
6490386
6647712
6519696
6507533
6488407
6471651
6489577
6511172
6714286
6522489
6468473
6486642
6499014
6501774
6506332
6473424
6499978
6505823
6503726
6475670
6483341
6478376
6497789
6491920
6474085
6527995
6481853
6489736
6475928
6524033
6478374
6497361
6494037
6472870
6481508
6493840
6492580
6475709
6507285
6505283
6473708
6548929
6488416
6507961
6477402
6478983
6473221
6486852
6491490
6470535
6484392
6497938
6510139
6472524
6494306
6477719
6486016
6484487
6471353
6546059
6485376
6518129
6475878
6478739
6469324
6501640
6494131
6476255
6509667
6471423
6506164
6472895
6516260
6501784
6501982
6510897
6484045
6500778
6488272
6539630
6488401
6488294
6479570
6470614
6524868
6477120
6484011
6478685
6484737
6478316
6482567
6518954
6476243
6490009
6520500
6508403
6486302
6515092
6494548
6474155
6501881
6492396
6478865
6473934
6511601
6490805
6484140
6489314
6494989
6492687
6476640
6484812
6509703
6496083
6474524
6489710
6483114
6477142
6497371
6478300
6498607
6469325
6485643
6491210
6507098
6525189
6474123
6516017
6490081
6485840
6476270
6510956
6482035
6475958
6484237
6471420
6511259
6473282
6534881
6480629
6498702
6482924
6474553
6614035
6469515
6480292
6477702
6531770
6508939
6500310
6507380
6480056
6498041
6482602
6488974
6476636
6496155
6478283
6475751
6520323
6475965
6502411
6494982
6521237
6490643
6480288
6495990
6469482
6512305
6482554
