0.6736019000000004
0.6736709000000004
0.6738969000000004
0.6740479000000004
0.6740859000000003
0.6741179000000004
0.6744869000000003
0.6745159000000004
0.6745459000000004
0.6756329000000004
0.6756719000000003
0.6757139000000004
0.6758409000000004
0.6758909000000004
0.6759209000000004
0.6759279000000004
0.6762059000000004
0.6762179000000004
0.6762329000000004
0.6763909000000004
0.6765629000000004
0.6765989000000003
0.6766029000000003
0.6770829000000004
0.6771049000000003
0.6773649000000004
0.6776649000000003
0.6776819000000004
0.6782459000000004
0.6782629000000003
0.6782789000000004
0.6783369000000004
0.6783389000000004
0.6786479000000004
0.6787019000000004
0.6788279000000004
0.6789459000000003
0.6795329000000003
0.6800189000000004
0.6802509000000003
0.6802549000000003
0.6805919000000004
0.6806629000000004
0.6814709000000003
0.6818159000000004
0.6819979000000004
0.6825169000000004
0.6825299000000004
0.6825649000000004
0.6828869000000004
0.6830769000000003
0.6833039000000004
0.6839739000000004
0.6840079000000003
0.6841029000000004
0.6841999000000004
0.6843449000000004
0.6843549000000003
0.6844499000000004
0.6846999000000004
0.6847749000000004
0.6853389000000004
0.6855929000000004
0.6856059000000003
0.6858029000000003
0.6859789000000004
0.6862649000000004
0.6866049000000004
0.6868149000000003
0.6882349000000004
0.6882569000000004
0.6883639000000004
0.6883699000000004
0.6883789000000003
0.6889369000000004
0.6892769000000004
0.6895399000000004
0.6896489000000003
0.6896729000000004
0.6896989000000003
0.6899719000000004
0.6900439000000004
0.6903489000000004
0.6906059000000003
0.6906749000000004
0.6907679000000003
0.6911729000000004
0.6914529000000004
0.6918829000000004
0.6921819000000003
0.6923589000000003
0.6925429000000004
0.6926219000000003
0.6926499000000004
0.6932499000000004
0.6938029000000003
0.6939999000000003
0.6940939000000004
0.6942689000000004
0.6944099000000004
0.6945109000000004
0.6945959000000004
0.6949449000000004
0.6949519000000004
0.6959529000000003
0.6960459000000003
0.6961179000000004
0.6973239000000003
0.6973339000000004
0.6977519000000004
0.6979009000000004
0.6980039000000003
0.6985699000000004
0.6986649000000004
0.6989769000000003
0.6999409000000004
0.7002729000000004
0.7007409000000003
0.7016029000000004
0.7016539000000004
0.7017369000000003
0.7017469000000004
0.7018439000000004
0.7019449000000004
0.7023739000000003
0.7036889000000004
0.7045919000000004
0.7052459000000004
0.7057859000000004
0.7061269000000003
0.7062949000000004
0.7070609000000003
0.7072479000000004
0.7073429000000003
0.7074959000000004
0.7075629000000003
0.7079239000000004
0.7083659000000003
0.7089019000000004
0.7096299000000004
0.7096659000000004
0.7101019000000004
0.7108599000000003
0.7109189000000004
0.7111349000000003
0.7112219000000004
0.7115639000000004
0.7122679000000004
0.7150549000000004
0.7159799000000003
0.7162229000000003
0.7180919000000003
0.7189169000000004
0.7196589000000003
0.7202859000000004
0.7204629000000004
0.7211999000000003
0.7223669000000004
0.7224519000000004
0.7239959000000004
trimmed mean: 0.69193084375
trimmed stddev: 0.013336842489531993
trimmed mean (rounded): 0.7
trimmed stddev (rounded): 0.0
