164228865
164231838
164528320
164109970
164154245
164491945
164818101
166303910
167194531
164440268
164023447
164306356
163973621
164555908
164874150
164686977
164744533
167445214
164166907
164606546
163934891
164697387
164181866
164278699
164033874
164807102
164477415
164252071
164158092
169194110
164918190
164567316
164167635
164020729
164830995
164590853
164192000
164112310
164841007
164501075
164113964
164611951
164171356
163868059
164591248
164546383
164294033
164152789
163961098
164447724
164147465
164005894
164828878
165496727
164108606
165622319
164314330
164718653
163843293
164053048
164661805
164457412
164178362
164964912
164004892
163985030
164054591
163860273
164432454
164196300
164833889
164317818
164111209
164050422
164952709
164197403
164151330
164852904
164138704
163938540
164718925
164214132
164860969
164234363
165081133
164282507
164010774
163940827
164672429
164254475
164060524
163870824
164571077
164521254
164161244
164955649
164210681
163795049
164883436
164611578
