7.393207617696091
7.394765952139979
7.395182438269742
7.3957736995022225
7.39613551851444
7.396669316662518
7.39698872605409
7.397118597777386
7.397213603581353
7.397697286929979
7.398190999103008
7.401000788321462
7.4021513836655455
7.402163606842095
7.403119386494281
7.4035873437925295
7.4042414143575375
7.404719136928271
7.406961713275917
7.406978497008584
7.4072049273462754
7.407893392998947
7.407911171130824
7.408801357024911
7.408970676805905
7.409484310977465
7.4099132194516315
7.410726728411566
7.411045010662582
7.411954107926961
7.412365502788913
7.413020314093891
7.413921961782126
7.414358733263169
7.41469491283395
7.415047266792303
7.420220359819111
7.420377873339783
7.420737993876824
7.421294592023626
7.421815267310544
7.421987305881034
7.423081889273648
7.423190533802471
7.423990913549872
7.4241050544940705
7.424239451479198
7.424905541044733
7.425061580523201
7.4256620161322
7.425711898530303
7.425906369400771
7.426364727786996
7.4265232260305485
7.426840152338459
7.427008488029028
7.427041423181904
7.427297630643267
7.427440242206588
7.4276143063169116
7.427680187661333
7.427746205922616
7.427921098901231
7.428317568564762
7.42943737928755
7.429512256604342
7.429562100201524
7.429618192024844
7.4296799438089876
7.431857395534414
7.432126167104042
7.432196069923988
7.432315039120419
7.433064822968524
7.433537344235006
7.433660525948835
7.434111728566388
7.434332930770471
7.434378351376563
7.4352788093196756
trimmed mean: 7.417324169700864
trimmed stddev: 0.012598758960011227
trimmed mean (rounded): 7.4
trimmed stddev (rounded): 0.0
