14.317024205492126
14.319353468561827
14.320123722975925
14.320910207954729
14.32523455880966
14.325548794757603
14.327449989001854
14.327562958782336
14.327655389927823
14.329884368636426
14.331951133670204
14.334514110024687
14.335279254637445
14.337977462487302
14.341109337834768
14.341590935894382
14.341797585959474
14.342076952575724
14.343154876627356
14.343771436313874
14.34471173283037
14.346697527025421
14.350027096553186
14.351295572700757
14.35252524583822
14.35369396002358
14.354339309684965
14.355423641285643
14.35631526169736
14.359125393321175
14.359264905680172
14.359348445287345
14.362827193842739
14.364796175425624
14.369436991155796
14.369987051945161
14.371558378082995
14.373891356384487
14.374236877759365
14.374633595418413
14.381207110519108
14.386176796957388
14.387997000991998
14.391014202949014
14.391457711091382
14.393796475341217
14.394367265502671
14.397435252097038
14.399270550039008
14.401197657267657
14.401300906674415
14.401612364842098
14.406096746048426
14.407026846641081
14.41178306248472
14.412271633658955
14.412627521032219
14.41341908847038
14.41389447962209
14.41492340842395
14.415743350693768
14.421926171325874
14.42915550326024
14.430144941374797
14.431450339756957
14.43371959294247
14.434670865369764
14.43739311649363
14.438465069847451
14.438767194544583
14.439759490411005
14.44059833729894
14.440769881091228
14.443109303660753
14.443214352549774
14.444549325103294
14.447230966572393
14.447689416726984
14.450649842571384
14.452466355760658
trimmed mean: 14.382730699510983
trimmed stddev: 0.041380717370660305
trimmed mean (rounded): 14.4
trimmed stddev (rounded): 0.0
