84941173
84890976
84446263
84742471
85113749
86252678
84676124
84686918
84452533
85139450
84664186
84474027
84851927
85013797
85526879
84432785
84848679
85100588
85513100
84722093
84303989
84410693
84912036
84934757
84433788
84358560
85099917
84444496
84664793
85214478
84662355
84322141
84821252
84599739
85148706
84593004
85270301
84708327
85191881
84704968
84951909
85086131
84438693
85111882
84579365
84986417
84602607
84344567
84753193
84418495
84912861
85186018
84543105
84998182
84590214
85019533
84375058
84944992
84193972
85073861
84364453
84879340
84342608
85015453
84584176
85204672
84352592
85058650
84419109
84782481
84395025
85016678
85007408
85900644
84825632
84341888
84929482
85166697
84326021
84911542
85162559
84724704
84500747
85099368
84597650
84966698
84494953
84823593
85144126
84468460
84959188
84392347
85054110
84630537
85038104
84487310
85003754
84636001
84286377
84839402
