40622
20009
18037
17878
19822
19721
19481
19307
19408
18737
19701
19030
18899
19683
19443
19848
19469
19314
18870
19233
19146
18866
19307
19624
19389
19426
19822
20328
19416
19011
19326
19141
19289
19393
22006
24393
19384
19451
19844
19462
19170
19229
23141
22847
31976
21247
18929
20107
23737
22143
20366
21592
19844
20086
20982
20344
19372
18783
18801
20116
19419
19912
18947
19465
18801
19015
19341
19567
19485
19660
19182
19862
20731
19399
20098
21688
19945
19574
18989
19042
19348
19332
24339
18901
19164
19027
19124
18993
19013
19284
18866
19054
19026
19826
19764
19823
20163
19556
18823
19297
19321
19165
19061
19606
19465
19231
19994
19703
19481
18934
19118
19433
19257
18985
22972
20072
19477
22026
19981
20264
19157
19534
19029
20277
19458
19620
19481
19144
19277
19364
19408
18725
19007
18767
18995
19364
18715
19810
19146
19257
19610
19190
19687
19382
19681
18874
18784
19192
21578
22205
18945
19025
19182
18588
22579
19191
19666
19469
21572
22419
23145
24038
24230
23771
21487
19864
19977
19261
19170
19078
19285
19182
19185
19828
28060
20277
20689
19810
20824
20136
20024
20011
21320
20802
21800
19452
18860
19023
19433
22431
21496
23611
23944
22703
22458
20032
19653
19669
19844
19897
21105
19961
20391
19130
19399
19529
19098
19862
19868
19108
19296
19168
19122
19124
19703
19551
19519
18916
19442
19503
20723
19955
20086
20950
20253
19420
20096
19452
19892
19620
19497
19007
19312
21826
19931
19181
19560
19751
19588
19400
19930
19806
19790
19430
19300
19146
19676
19106
20207
19340
19338
20651
19122
19239
19504
19790
19532
19646
18910
19195
18992
19313
19602
19731
19532
19316
19957
19336
19867
19509
19431
18824
19544
18910
19296
23579
19906
19782
19503
19786
20772
21808
21849
21197
32825
22672
20842
19522
19378
19237
18956
19590
19197
19368
19529
19223
19090
19126
19562
19218
19241
19346
19382
19050
20134
20671
19106
19602
22260
24012
24113
22292
23394
23000
22583
22177
23994
21163
23130
24351
23615
23099
24575
23764
22885
24208
23381
23157
19780
19730
34362
21098
22448
20084
20227
19527
19713
19646
19721
20340
19304
19382
19457
19289
19713
19380
20150
19257
19688
19235
19182
19920
20379
20788
19676
22190
20109
19525
19590
19308
19331
19337
19465
19244
19379
19588
19588
19580
20092
19806
19717
19543
19266
20029
19777
19057
19301
19255
18951
18969
19822
18777
19630
19346
20250
19168
18727
19719
19410
19411
19362
19174
19596
19805
19959
18971
19148
19384
21963
19044
19116
18567
19193
19489
19634
18979
19439
19555
19457
19479
19521
20036
19533
19372
19699
19237
19245
19459
20749
19289
19141
19100
19936
19731
19132
20015
19634
19154
19471
20324
19646
19145
20334
19737
19566
19293
20159
19235
19273
19023
19766
21151
107446
19360
19380
19188
19705
19666
19731
19406
19204
20199
19784
21672
21566
22192
32245
21276
19906
20515
19934
19955
19830
19977
20221
19897
19751
19308
19422
19290
20393
19566
19842
19719
19737
19637
19436
19456
19864
20044
20439
20766
24159
19983
19652
19176
19274
22784
19239
19360
20126
19209
19325
19614
19273
19269
19469
19667
19037
19277
19967
19433
19602
19272
19567
18944
19957
25577
19648
19572
19068
19292
19939
20455
19870
19511
19245
19255
19417
19205
20003
20108
19596
19531
21183
19642
20005
19401
19949
19743
20328
19717
19522
19483
19334
19458
20425
19826
19719
19660
19987
19128
19297
19273
19706
19406
19318
18872
20039
20254
19811
19295
19254
18924
19124
19465
19217
19181
19776
19748
19644
19274
20038
19384
19267
19245
19193
22068
19660
19192
18841
19973
19697
19650
19634
19502
19900
19737
19319
19033
19727
19422
19286
19896
19526
19169
19667
19430
19481
19840
19140
19257
19338
19144
19317
19434
19561
19270
19858
19268
19162
19156
19507
19342
19900
20126
19152
19060
19991
420336
20282
19310
19207
18636
18979
19286
18993
18914
19130
19396
19721
18854
19495
18823
19594
19594
19693
19467
19247
19739
19152
19053
19237
19197
19582
19075
19210
19320
18952
19525
19171
19259
18644
19107
19026
18832
19032
19800
19583
18819
18939
19682
21371
19306
18866
19039
19402
18912
19626
18899
18937
19215
18841
18796
19237
18969
18832
21455
19055
19132
20002
19324
19481
19034
19634
19533
19202
19802
19457
19102
18818
19080
20262
19372
19100
19065
20431
19172
19203
19596
18847
18981
19169
19400
19784
22215
19805
19423
19304
18997
19049
19584
19527
19360
19719
19251
19525
19003
19295
19860
19618
19438
19187
19202
19269
19860
19019
18981
19319
19166
19400
19140
19562
19159
19284
19500
19608
19257
19257
19348
19213
19292
19572
19556
19635
19524
19856
517634
19817
19358
19469
19445
19715
19793
19743
19461
19423
19314
19463
19576
19386
19233
19535
18700
19410
18785
19330
18892
18891
19167
19001
18967
19418
19487
19267
19153
20364
19640
19420
19233
19523
19451
19423
19774
19670
20852
19249
19118
19348
19617
21673
19445
20056
19527
19253
19005
19467
19495
19692
19383
19710
19289
19211
19348
19369
19173
18866
19061
19326
19249
19389
19027
20338
19130
19362
19015
19346
18953
19031
19459
19402
19749
19586
18761
19338
19296
19606
19178
19473
18942
18783
20027
19059
21538
20598
20028
19586
19193
18616
18704
19515
19473
19719
19653
19705
19265
19406
19400
19681
19327
19557
18881
19227
19217
18930
19138
18993
19860
20047
19435
19764
19550
19436
19245
18852
19153
19165
18647
18894
18972
19140
19519
19383
19009
19323
21990
19433
19243
19168
18910
19054
19223
18981
19116
19707
19850
19384
19368
18856
18785
19505
19749
19073
18936
19243
19145
19286
19299
19562
19358
19602
19721
20126
18725
19586
18987
19430
19273
19182
19015
19048
19344
19643
20469
19681
19188
18997
19308
21100
19025
19743
20388
19943
19634
19501
19257
19579
19148
19156
19027
19122
19273
20112
19426
19142
18856
19177
19310
19755
19573
20074
19177
18888
19108
19181
18814
19477
19272
19463
18979
19515
19164
19237
20115
20086
19122
19422
19678
19567
19789
19955
22280
19682
19078
18892
18993
19186
19116
19229
19031
20108
19739
19464
19112
19043
18946
19267
19227
19139
19043
19747
19090
19144
19075
19435
19383
19082
19362
19112
19352
19872
19776
20503
19422
19368
19194
19705
19031
19395
18842
19606
19428
19299
19990
21845
19253
19400
19584
19443
48884
