122022.9
124116.9
126443.9
127141.9
128230.9
128282.9
128997.9
129730.9
130178.9
131041.9
131223.9
132239.9
134478.9
134623.9
140617.9
143008.9
146038.9
147150.9
161779.9
161816.9
161860.9
161981.9
162171.9
162215.9
162239.9
162404.9
162413.9
162417.9
162486.9
162493.9
162550.9
162602.9
162606.9
162622.9
162639.9
162655.9
162711.9
162715.9
162736.9
162756.9
162759.9
162764.9
162780.9
162784.9
162787.9
162792.9
162820.9
162828.9
162833.9
162840.9
162856.9
162869.9
162877.9
162877.9
162901.9
162904.9
162913.9
162925.9
162929.9
162949.9
162949.9
162957.9
162965.9
162970.9
162993.9
163029.9
163038.9
163041.9
163046.9
163050.9
163050.9
163050.9
163062.9
163070.9
163078.9
163090.9
163090.9
163098.9
163098.9
163106.9
163106.9
163107.9
163114.9
163119.9
163119.9
163127.9
163130.9
163131.9
163139.9
163147.9
163159.9
163159.9
163175.9
163179.9
163183.9
163207.9
163227.9
163243.9
163243.9
163243.9
163248.9
163255.9
163259.9
163263.9
163264.9
163264.9
163267.9
163292.9
163300.9
163304.9
163304.9
163312.9
163312.9
163324.9
163332.9
163336.9
163344.9
163356.9
163356.9
163357.9
163364.9
163376.9
163376.9
163380.9
163380.9
163380.9
163385.9
163393.9
163397.9
163404.9
163404.9
163417.9
163425.9
163428.9
163433.9
163433.9
163441.9
163441.9
163441.9
163441.9
163446.9
163454.9
163457.9
163461.9
163465.9
163465.9
163466.9
163470.9
163485.9
163485.9
163493.9
163493.9
163497.9
163502.9
163522.9
163526.9
163530.9
163533.9
163534.9
163541.9
163542.9
163546.9
163550.9
163554.9
163566.9
163570.9
163570.9
163574.9
163578.9
163578.9
163578.9
163578.9
163582.9
163582.9
163587.9
163590.9
163590.9
163590.9
163591.9
163606.9
163614.9
163615.9
163618.9
163619.9
163623.9
163626.9
163626.9
163627.9
163631.9
163631.9
163631.9
163631.9
163635.9
163638.9
163639.9
163646.9
163647.9
163647.9
163651.9
163667.9
163671.9
163683.9
163687.9
163711.9
163711.9
163715.9
163719.9
163723.9
163727.9
163728.9
163732.9
163740.9
163747.9
163747.9
163760.9
163767.9
163776.9
163776.9
163784.9
163788.9
163796.9
163800.9
163804.9
163808.9
163809.9
163816.9
163820.9
163828.9
163832.9
163832.9
163837.9
163840.9
163841.9
163844.9
163844.9
163852.9
163853.9
163857.9
163861.9
163861.9
163861.9
163872.9
163881.9
163888.9
163888.9
163889.9
163889.9
163897.9
163897.9
163904.9
163909.9
163917.9
163925.9
163929.9
163929.9
163933.9
163937.9
163945.9
163946.9
163949.9
163949.9
163950.9
163953.9
163953.9
163957.9
163961.9
163966.9
163966.9
163969.9
163973.9
163978.9
163978.9
163981.9
163982.9
163985.9
163989.9
163989.9
163990.9
163990.9
163994.9
163994.9
164002.9
164010.9
164014.9
164022.9
164026.9
164030.9
164030.9
164038.9
164038.9
164038.9
164046.9
164058.9
164058.9
164062.9
164067.9
164070.9
164075.9
164086.9
164086.9
164091.9
164095.9
164098.9
164102.9
164102.9
164103.9
164110.9
164111.9
164115.9
164122.9
164123.9
164127.9
164127.9
164135.9
164135.9
164147.9
164159.9
164171.9
164175.9
164175.9
164179.9
164180.9
164180.9
164183.9
164191.9
164192.9
164196.9
164203.9
164203.9
164207.9
164216.9
164216.9
164219.9
164220.9
164224.9
164224.9
164240.9
164248.9
164260.9
164264.9
164268.9
164268.9
164280.9
164280.9
164288.9
164288.9
164292.9
164308.9
164309.9
164316.9
164324.9
164325.9
164348.9
164352.9
164353.9
164364.9
164365.9
164368.9
164372.9
164373.9
164373.9
164377.9
164381.9
164385.9
164388.9
164401.9
164401.9
164413.9
164413.9
164417.9
164421.9
164425.9
164425.9
164434.9
164445.9
164446.9
164449.9
164454.9
164457.9
164458.9
164458.9
164458.9
164470.9
164481.9
164485.9
164486.9
164486.9
164486.9
164490.9
164494.9
164498.9
164498.9
164498.9
164506.9
164522.9
164522.9
164526.9
164526.9
164527.9
164530.9
164535.9
164538.9
164546.9
164550.9
164554.9
164554.9
164558.9
164578.9
164587.9
164587.9
164594.9
164595.9
164602.9
164610.9
164614.9
164619.9
164622.9
164623.9
164635.9
164635.9
164643.9
164643.9
164647.9
164648.9
164655.9
164659.9
164667.9
164667.9
164667.9
164667.9
164667.9
164671.9
164672.9
164679.9
164692.9
164699.9
164703.9
164704.9
164708.9
164712.9
164723.9
164736.9
164736.9
164752.9
164756.9
164760.9
164768.9
164772.9
164772.9
164776.9
164780.9
164792.9
164793.9
164801.9
164808.9
164824.9
164828.9
164837.9
164837.9
164856.9
164857.9
164861.9
164861.9
164873.9
164877.9
164881.9
164881.9
164893.9
164897.9
164913.9
164913.9
164921.9
164921.9
164925.9
164930.9
164937.9
164949.9
164957.9
164957.9
164970.9
164973.9
164974.9
164977.9
164986.9
165002.9
165006.9
165010.9
165014.9
165022.9
165027.9
165035.9
165035.9
165042.9
165046.9
165050.9
165055.9
165058.9
165062.9
165062.9
165071.9
165078.9
165091.9
165091.9
165111.9
165115.9
165119.9
165127.9
165131.9
165147.9
165151.9
165159.9
165163.9
165175.9
165179.9
165204.9
165204.9
165219.9
165220.9
165232.9
165240.9
165248.9
165252.9
165260.9
165264.9
165264.9
165268.9
165272.9
165276.9
165280.9
165288.9
165289.9
165292.9
165300.9
165304.9
165313.9
165317.9
165320.9
165321.9
165321.9
165337.9
165353.9
165357.9
165361.9
165365.9
165365.9
165373.9
165385.9
165389.9
165393.9
165398.9
165401.9
165417.9
165422.9
165429.9
165445.9
165446.9
165446.9
165454.9
165454.9
165454.9
165478.9
165490.9
165498.9
165503.9
165506.9
165522.9
165527.9
165530.9
165538.9
165547.9
165547.9
165555.9
165555.9
165582.9
165595.9
165611.9
165663.9
165683.9
165695.9
165703.9
165703.9
165704.9
165712.9
165719.9
165728.9
165732.9
165744.9
165748.9
165760.9
165768.9
165785.9
165796.9
165796.9
165804.9
165809.9
165821.9
165825.9
165829.9
165829.9
165829.9
165833.9
165845.9
165845.9
165853.9
165877.9
165881.9
165881.9
165885.9
165889.9
165889.9
165889.9
165893.9
165910.9
165910.9
165918.9
165937.9
165942.9
165950.9
165966.9
165978.9
165982.9
165990.9
165990.9
165994.9
165998.9
165998.9
166003.9
166007.9
166022.9
166059.9
166079.9
166087.9
166087.9
166107.9
166111.9
166119.9
166119.9
166119.9
166119.9
166127.9
166131.9
166152.9
166152.9
166212.9
166232.9
166236.9
166244.9
166260.9
166268.9
166276.9
166280.9
166296.9
166313.9
166321.9
166324.9
166337.9
166341.9
166345.9
166349.9
166357.9
166374.9
166414.9
166430.9
166437.9
166446.9
166458.9
166478.9
166507.9
166519.9
166575.9
166587.9
166587.9
166591.9
166684.9
166704.9
166713.9
166741.9
166760.9
166776.9
166784.9
166792.9
166825.9
166829.9
166845.9
166849.9
166849.9
166849.9
166886.9
166886.9
166886.9
166926.9
166926.9
167003.9
167019.9
167043.9
167043.9
167071.9
167099.9
167103.9
167108.9
167112.9
167119.9
167120.9
167132.9
167147.9
167156.9
167164.9
167184.9
167184.9
167189.9
167212.9
167256.9
167273.9
167289.9
167305.9
167313.9
167329.9
167346.9
167369.9
167373.9
167377.9
167378.9
167397.9
167398.9
167413.9
167414.9
167418.9
167426.9
167438.9
167447.9
167466.9
167474.9
167479.9
167539.9
167571.9
167595.9
167603.9
167607.9
167608.9
167612.9
167640.9
167644.9
167660.9
167668.9
167684.9
167737.9
167737.9
167740.9
167745.9
167761.9
167769.9
167773.9
167785.9
167805.9
167817.9
167842.9
167853.9
167870.9
167873.9
167874.9
167890.9
167894.9
167955.9
168011.9
168018.9
168039.9
168059.9
168067.9
168087.9
168116.9
168116.9
168301.9
168349.9
168366.9
168426.9
168431.9
168442.9
168588.9
168624.9
168765.9
168773.9
168773.9
168850.9
168978.9
168999.9
169044.9
169059.9
169068.9
169071.9
169132.9
169132.9
169132.9
169144.9
169176.9
169205.9
169253.9
169322.9
169471.9
169475.9
169535.9
trimmed mean: 164205.87500000236
trimmed stddev: 5161.089906393326
trimmed mean (rounded): 164205.9
trimmed stddev (rounded): 5161.1
trimmed mean time (rounded): 56486.8
trimmed stddev time (rounded): 1775.4
