183565
113409
109989
140655
111078
109485
112506
110928
127179
110687
110348
111844
111276
113578
111836
110674
111667
129035
113070
111755
111255
111728
169170
110771
112393
108218
176712
109831
111836
108634
109324
110336
108739
110772
110110
108936
109355
131261
112054
111033
111098
109598
111651
112292
109683
111162
126481
111042
107940
146076
143046
109242
111716
128320
113425
124154
109662
110461
108024
108332
106460
109860
107388
111252
107013
112945
131079
109598
108247
134516
108687
112485
112643
108017
117148
120447
107719
108602
110816
108529
105807
108521
108739
108017
109461
129768
107521
107178
107577
107953
108387
107093
134661
107371
130216
108118
107856
114558
107916
108916
109009
132277
108703
109948
109836
108706
107621
111167
147188
111506
107561
128268
108178
114760
48329
165439
166270
166149
169792
163785
163826
186614
167351
164241
165096
163616
168097
163798
163435
163350
201328
171126
165455
164439
168888
165927
165842
163508
165270
165088
178088
165258
167150
167452
167435
164060
167775
164419
194153
165883
164839
167512
164451
239733
164935
166867
166032
170171
165467
198169
164532
169097
163673
169214
164076
167250
202958
165620
163628
167227
166379
164648
165798
164951
216852
164592
164153
163858
162677
162866
165867
163629
164705
166359
163442
163431
164519
166964
163414
164105
163895
164173
164798
164742
165516
166830
164673
166004
166613
165213
164963
165919
164363
164076
164032
166887
163571
164016
164640
288670
165528
170557
164487
163168
167641
164508
166924
167170
164218
163342
165871
166282
166883
184948
163879
164165
171856
164657
163846
237132
173929
163572
165484
165484
163484
164004
63390
163854
180645
166814
171417
163971
164806
163910
165649
165318
165923
163616
165024
167057
163338
163628
163749
163838
167476
163084
165927
163503
166412
163822
163664
164286
164919
163664
164564
163963
163685
167311
165290
165766
162871
164794
164584
170328
169642
165100
171417
175389
163975
164814
165197
164625
164673
165411
167706
163653
171102
164423
188703
164564
163834
164318
164911
163455
166145
163656
165980
164306
164919
164705
165859
163217
165359
164330
182226
164705
167682
165560
164573
164915
165988
167416
165257
167823
173321
164221
174232
164686
163281
165355
169243
167911
164576
164298
163988
164523
163177
164257
163999
165867
168154
165891
214134
162531
163503
163588
163926
165189
164660
169016
168626
169868
165185
165786
164302
164141
163286
175292
164899
164959
164483
166475
164234
163197
163625
164846
165492
167807
164697
163753
164959
163414
165460
163870
163984
164592
164459
165931
163418
164004
164068
164306
164616
163221
167880
163890
165948
173195
164023
164406
166125
165585
164165
164076
163580
163927
163620
168339
165302
166298
166742
167367
164455
164278
218679
165351
163197
163535
162858
166028
164730
167294
166395
166190
167081
164652
167222
166036
179015
104764
170670
162753
167775
163463
167407
163878
167843
163757
171905
164354
170562
165915
177801
164403
165217
163770
165867
164149
169170
164262
164710
165129
165701
164161
169606
165015
167645
165806
163669
165565
166722
163592
170678
164492
174321
168404
164625
163899
164818
165927
163967
167517
172300
162963
163749
164096
163652
167811
165585
167928
166625
169573
164536
165541
163987
183646
163564
167799
163523
165242
163076
163847
163765
167504
164229
165492
166016
163394
164100
162524
163128
172715
163995
167202
166798
162802
166887
167464
166165
167783
174607
164411
166468
165100
165358
169182
165065
164830
164774
166751
164875
168803
165165
164173
163882
163165
163157
174534
164124
163669
166924
164084
165948
171849
163479
166169
163899
164185
164218
169360
168125
163657
162830
164011
162794
169109
162939
167722
163374
167609
166045
162942
167698
164737
164213
170856
163608
165011
166387
163531
164007
169082
166557
163604
165327
163987
164197
168662
183376
163245
167577
163492
163875
176313
167855
163531
163814
163136
163685
163088
167081
164661
122060
164124
164596
166020
163676
165741
172864
163394
161854
163395
162693
163882
167158
163185
163479
163144
165149
164524
168464
163616
162818
162455
194359
164536
163471
162951
165847
165423
163466
164391
162253
164027
167327
165359
164160
164262
219345
164894
166496
161817
163955
163370
163761
167932
163899
163560
164386
162915
164129
162987
163088
165834
164048
167222
165721
165278
164709
164560
164140
235183
166157
162588
175559
168105
163983
163579
163935
164410
163669
164741
165342
165403
164544
165298
163942
162822
163504
164326
163991
233869
169106
165375
164028
166362
163067
162277
163031
163108
165883
165080
163725
165633
165956
164347
187195
163665
165782
173502
165568
163785
164020
165338
172775
165593
163079
169985
168811
164685
163213
163088
167650
163709
163927
163145
183392
167912
164258
165109
167436
166452
166157
164133
167185
165012
162209
167137
164693
165084
164439
174248
174148
162660
163935
166887
163991
168469
168387
165093
165733
57250
164148
166125
172469
164463
164568
166306
165326
163402
164975
165436
166822
215848
164411
167993
166060
164632
164968
164524
164390
174325
165492
164402
164254
166484
164831
163677
166250
162797
164761
165742
163330
167109
170513
165310
167891
163891
170566
164068
164750
167141
166117
167343
163684
163616
163342
169291
163689
164705
163136
65118
194971
165741
163870
164496
165201
175535
167908
164245
169170
164254
164346
163926
165427
165242
165116
166318
168154
169509
164681
164451
163302
166190
164496
166157
165834
163471
163479
167646
183899
166863
172360
167456
163301
163584
163281
164681
162644
162907
163305
167485
164899
164426
171368
164524
163423
163442
299910
163721
163628
173244
162640
163100
163169
162774
165544
162967
162878
165008
164810
163669
163116
163661
171925
179415
164495
164113
169763
162995
163644
162915
165391
163866
163293
165399
172703
166334
164415
165919
172469
163705
163947
164362
164995
165395
164032
164866
177507
218050
164241
168077
164064
164463
164326
183641
171126
164790
169037
164096
165129
163499
163814
169513
163842
163418
163350
167041
163157
165330
167678
165863
163568
166041
167633
164810
168811
165286
164027
164746
169928
163766
166516
165044
163620
163265
166964
163778
164318
166629
174099
162442
164016
175954
165975
162825
167778
172691
167146
164895
165536
163612
163608
164040
166924
170606
164987
171042
165770
164217
162749
176483
163281
163418
165593
82736
188966
165302
170658
164536
163297
166375
164108
164931
164862
167451
162987
165306
165169
163152
165157
166157
168480
163382
164052
164717
166097
163495
165153
164875
162019
162451
162894
163523
161898
164705
163003
165052
171921
177713
166036
164472
165576
164528
164565
164230
164588
170304
166274
163805
163919
163008
165040
166383
164136
170868
168049
164995
165823
164213
163362
168056
165073
163128
166545
163144
164484
165431
166314
164140
165757
165750
165048
166779
164209
163540
164560
165314
166625
167194
163967
164496
173796
165403
166351
167157
167411
166028
165060
167384
164019
165483
164951
164028
164774
164633
165073
163479
163302
167415
