18957.9
18959.9
18959.9
18963.9
18965.9
18967.9
18969.9
18969.9
18971.9
18973.9
18975.9
18977.9
18977.9
18977.9
18981.9
18985.9
18985.9
18987.9
18987.9
18988.9
18988.9
18989.9
18989.9
18989.9
18991.9
18992.9
18993.9
18993.9
18993.9
18994.9
18995.9
18996.9
18999.9
19001.9
19004.9
19005.9
19005.9
19006.9
19010.9
19011.9
19012.9
19015.9
19016.9
19016.9
19017.9
19019.9
19021.9
19022.9
19023.9
19023.9
19027.9
19030.9
19035.9
19037.9
19037.9
19040.9
19040.9
19042.9
19044.9
19052.9
19052.9
19060.9
19062.9
19062.9
19064.9
19068.9
19068.9
19069.9
19070.9
19070.9
19074.9
19074.9
19078.9
19078.9
19078.9
19080.9
19080.9
19084.9
19084.9
19084.9
19084.9
19086.9
19086.9
19086.9
19088.9
19090.9
19092.9
19092.9
19092.9
19094.9
19094.9
19100.9
19101.9
19102.9
19102.9
19102.9
19103.9
19103.9
19104.9
19106.9
19106.9
19106.9
19107.9
19107.9
19108.9
19108.9
19108.9
19110.9
19110.9
19114.9
19114.9
19115.9
19115.9
19116.9
19118.9
19118.9
19119.9
19121.9
19124.9
19126.9
19126.9
19127.9
19127.9
19128.9
19129.9
19130.9
19130.9
19130.9
19131.9
19131.9
19132.9
19132.9
19133.9
19134.9
19135.9
19136.9
19138.9
19139.9
19139.9
19140.9
19143.9
19143.9
19143.9
19144.9
19144.9
19144.9
19144.9
19144.9
19147.9
19148.9
19149.9
19150.9
19150.9
19152.9
19153.9
19154.9
19154.9
19155.9
19155.9
19155.9
19156.9
19157.9
19159.9
19159.9
19164.9
19164.9
19165.9
19166.9
19167.9
19169.9
19171.9
19172.9
19173.9
19175.9
19177.9
19179.9
19179.9
19180.9
19185.9
19185.9
19189.9
19189.9
19191.9
19191.9
19193.9
19195.9
19195.9
19195.9
19197.9
19197.9
19199.9
19199.9
19199.9
19199.9
19199.9
19201.9
19201.9
19203.9
19205.9
19205.9
19206.9
19207.9
19207.9
19207.9
19207.9
19209.9
19211.9
19211.9
19213.9
19215.9
19215.9
19216.9
19217.9
19217.9
19219.9
19219.9
19219.9
19219.9
19219.9
19219.9
19219.9
19221.9
19223.9
19227.9
19228.9
19229.9
19229.9
19229.9
19230.9
19231.9
19231.9
19232.9
19234.9
19234.9
19235.9
19235.9
19235.9
19235.9
19235.9
19236.9
19236.9
19239.9
19239.9
19246.9
19246.9
19247.9
19248.9
19248.9
19248.9
19251.9
19251.9
19251.9
19251.9
19252.9
19254.9
19254.9
19255.9
19257.9
19257.9
19258.9
19258.9
19258.9
19259.9
19259.9
19261.9
19261.9
19262.9
19263.9
19266.9
19266.9
19268.9
19269.9
19269.9
19270.9
19270.9
19270.9
19272.9
19272.9
19274.9
19275.9
19276.9
19276.9
19278.9
19279.9
19280.9
19281.9
19281.9
19282.9
19283.9
19285.9
19286.9
19287.9
19288.9
19288.9
19289.9
19292.9
19293.9
19294.9
19296.9
19298.9
19299.9
19300.9
19300.9
19300.9
19302.9
19303.9
19304.9
19306.9
19308.9
19308.9
19308.9
19310.9
19310.9
19310.9
19310.9
19314.9
19320.9
19320.9
19322.9
19322.9
19322.9
19324.9
19324.9
19324.9
19326.9
19326.9
19330.9
19330.9
19330.9
19331.9
19334.9
19334.9
19334.9
19340.9
19341.9
19342.9
19342.9
19344.9
19344.9
19344.9
19345.9
19345.9
19345.9
19346.9
19346.9
19346.9
19346.9
19348.9
19351.9
19351.9
19355.9
19357.9
19358.9
19361.9
19361.9
19362.9
19362.9
19362.9
19362.9
19362.9
19363.9
19364.9
19364.9
19368.9
19368.9
19368.9
19370.9
19370.9
19372.9
19372.9
19373.9
19378.9
19379.9
19380.9
19381.9
19382.9
19382.9
19384.9
19384.9
19384.9
19384.9
19385.9
19385.9
19385.9
19388.9
19388.9
19390.9
19392.9
19392.9
19392.9
19393.9
19395.9
19395.9
19395.9
19395.9
19396.9
19397.9
19397.9
19398.9
19398.9
19400.9
19401.9
19404.9
19405.9
19405.9
19407.9
19407.9
19413.9
19413.9
19414.9
19414.9
19418.9
19419.9
19419.9
19419.9
19420.9
19420.9
19421.9
19421.9
19423.9
19424.9
19425.9
19425.9
19426.9
19427.9
19427.9
19427.9
19427.9
19429.9
19429.9
19431.9
19431.9
19431.9
19431.9
19433.9
19435.9
19435.9
19439.9
19439.9
19441.9
19443.9
19443.9
19443.9
19443.9
19443.9
19445.9
19447.9
19449.9
19451.9
19457.9
19457.9
19459.9
19462.9
19463.9
19464.9
19465.9
19465.9
19466.9
19467.9
19469.9
19471.9
19473.9
19477.9
19477.9
19481.9
19481.9
19483.9
19484.9
19484.9
19485.9
19486.9
19487.9
19487.9
19487.9
19488.9
19489.9
19489.9
19489.9
19491.9
19491.9
19493.9
19494.9
19494.9
19495.9
19495.9
19496.9
19497.9
19505.9
19506.9
19512.9
19513.9
19517.9
19518.9
19518.9
19519.9
19522.9
19523.9
19524.9
19524.9
19524.9
19528.9
19528.9
19529.9
19529.9
19529.9
19534.9
19534.9
19535.9
19536.9
19538.9
19541.9
19542.9
19544.9
19545.9
19546.9
19546.9
19548.9
19548.9
19548.9
19550.9
19550.9
19550.9
19552.9
19552.9
19556.9
19556.9
19558.9
19558.9
19558.9
19564.9
19564.9
19564.9
19564.9
19568.9
19568.9
19568.9
19570.9
19572.9
19576.9
19579.9
19580.9
19582.9
19582.9
19586.9
19588.9
19592.9
19596.9
19596.9
19596.9
19596.9
19596.9
19597.9
19599.9
19602.9
19604.9
19605.9
19606.9
19608.9
19608.9
19608.9
19610.9
19612.9
19614.9
19615.9
19615.9
19622.9
19622.9
19622.9
19628.9
19628.9
19629.9
19629.9
19631.9
19632.9
19638.9
19638.9
19640.9
19643.9
19643.9
19643.9
19644.9
19644.9
19645.9
19649.9
19650.9
19654.9
19655.9
19659.9
19661.9
19663.9
19665.9
19665.9
19667.9
19667.9
19667.9
19668.9
19669.9
19672.9
19675.9
19675.9
19677.9
19679.9
19679.9
19681.9
19681.9
19681.9
19681.9
19681.9
19683.9
19683.9
19683.9
19683.9
19689.9
19692.9
19693.9
19693.9
19693.9
19699.9
19699.9
19699.9
19701.9
19701.9
19705.9
19705.9
19705.9
19709.9
19710.9
19711.9
19711.9
19713.9
19713.9
19717.9
19726.9
19726.9
19728.9
19736.9
19738.9
19738.9
19739.9
19742.9
19744.9
19746.9
19746.9
19748.9
19751.9
19752.9
19752.9
19755.9
19762.9
19764.9
19767.9
19767.9
19768.9
19768.9
19772.9
19772.9
19773.9
19779.9
19784.9
19784.9
19784.9
19785.9
19788.9
19788.9
19790.9
19792.9
19802.9
19804.9
19806.9
19806.9
19806.9
19810.9
19812.9
19818.9
19820.9
19822.9
19822.9
19822.9
19824.9
19824.9
19826.9
19826.9
19829.9
19830.9
19832.9
19834.9
19854.9
19858.9
19859.9
19859.9
19862.9
19862.9
19868.9
19868.9
19874.9
19882.9
19892.9
19893.9
19896.9
19898.9
19901.9
19905.9
19907.9
19911.9
19917.9
19917.9
19917.9
19919.9
19919.9
19921.9
19923.9
19929.9
19935.9
19939.9
19939.9
19943.9
19945.9
19949.9
19952.9
19953.9
19956.9
19964.9
19965.9
19967.9
19971.9
19973.9
19977.9
19986.9
19989.9
19990.9
19991.9
19994.9
19998.9
20000.9
20001.9
20006.9
20009.9
20018.9
20034.9
20036.9
20046.9
20048.9
20048.9
20048.9
20054.9
20058.9
20060.9
20069.9
20070.9
20070.9
20071.9
20074.9
20077.9
20078.9
20088.9
20088.9
20088.9
20096.9
20098.9
20112.9
20121.9
20125.9
20161.9
20169.9
20183.9
20189.9
20212.9
20215.9
20216.9
20224.9
20226.9
20239.9
20239.9
20244.9
20286.9
20290.9
20290.9
20296.9
20300.9
20302.9
20306.9
20326.9
20328.9
20341.9
20350.9
20353.9
20355.9
20387.9
20393.9
20401.9
20417.9
20431.9
20465.9
20477.9
20560.9
20613.9
20633.9
20651.9
20685.9
20693.9
trimmed mean: 19468.96125000025
trimmed stddev: 345.1618895510299
trimmed mean (rounded): 19469.0
trimmed stddev (rounded): 345.2
trimmed mean time (rounded): 6697.3
trimmed stddev time (rounded): 118.7
