5.762712317999999
5.762852858
5.763053387999999
5.764010868
5.764549307999999
5.765396057999999
5.765562438
5.766528198
5.766701437999999
5.7669303979999995
5.767014617999999
5.767269588
5.767269588
5.769162238
5.770684588
5.771421478
5.771906187999999
5.772041708
5.772303418
5.772394078
5.7730388679999995
5.773304048
5.773342757999999
5.773648747999999
5.7737092279999995
5.774152797999999
5.774770117999999
5.776962768
5.777311527999999
5.777365968
5.7774477079999995
5.777984077999999
5.778852998
5.779017917999999
5.7801031279999995
5.780914058
5.781246238
5.781487628
5.781622808
5.781939818
5.781995508
5.783741038
5.783869158
5.785001167999999
5.785068748
5.785138718
5.785581988
5.786326568
5.786511758
5.786651227999999
5.786789678
5.786816168
5.787277297999999
5.7873563379999995
5.787868548
5.790671907999999
5.790789287999999
5.790992648
5.791488267999999
5.791823128
5.792285688
5.793439867999999
5.794625548
5.794862188
5.794909238
5.795640838
5.795686398
5.795758328
5.796461848
5.796659537999999
5.797057108
5.7974775979999995
5.797539007999999
5.797895208
5.798887647999999
5.799987238
5.800702307999999
5.801120868
5.801141117999999
5.8031727879999995
trimmed mean: 5.7823132186249975
trimmed stddev: 0.011460646409271438
trimmed mean (rounded): 5.8
trimmed stddev (rounded): 0.0
