1145839222
1138681654
1138727767
1138786892
1139747797
1141043021
1139564121
1138506912
1137477049
1135527553
1137744808
1139148864
1137696314
1137415317
1138199588
1141174593
1140317316
1136701499
1139067228
1137204208
1139099302
1139753938
1138735671
1139646222
1138194019
1138632694
1140114149
1139888802
1134820697
1137142185
1138386953
1139490961
1138558236
1137364912
1137370960
1138162318
1137190656
1138665160
1137885337
1139228606
1136454968
1138374141
1135552471
1137798445
1135390549
1136670181
1140606143
1139182350
1136285323
1137736634
1140777789
1141342192
1136726996
1140112124
1135543257
1136271269
1137330442
1139705748
1136916261
1140536068
1135122505
1137068496
1136652857
1136401124
1137303924
1139575870
1140070268
1139462592
1138679005
1138148800
1135038230
1141613375
1139789558
1140778898
1136027525
1150818762
1138500154
1139486256
1136305376
1139344024
1138513909
1138010350
1137731190
1135940758
1139998761
1139665991
1136539643
1139078966
1136693077
1137901829
1138651213
1135612318
1139568677
1138124661
1137239445
1137230379
1137334313
1136726996
1138091443
1136556281
