5.5387119
5.538716900000001
5.5387259
5.538729900000001
5.5387319
5.5387399
5.5387599000000005
5.5387769
5.5387959
5.5387959
5.538799900000001
5.5388019
5.5388019
5.5388019
5.5388149
5.5388159
5.5388409
5.5388519
5.5388649
5.5388709
5.5388769
5.5388809000000006
5.5388869000000005
5.538900900000001
5.538906900000001
5.5389119
5.5389149
5.5389159
5.5389229
5.5389239
5.5389249000000005
5.5389299
5.5389439000000005
5.5389439000000005
5.538945900000001
5.5389819000000005
5.538989900000001
5.538995900000001
5.5389979
5.5390099
5.539020900000001
5.539059900000001
5.5390619
5.5390629
5.5390749
5.539084900000001
5.5390949
5.5391249
5.5392099
5.5392099
5.5392139
5.539237900000001
5.5392459
5.539294900000001
5.5393039
5.5393469
5.5393629
5.5394179
5.5395529
5.5395789
5.5395849
5.539618900000001
5.539727900000001
5.5397479
5.5398059
5.5401109
5.540165900000001
5.5401749
5.540215900000001
5.5402299
5.5402529000000005
5.5402819
5.540386900000001
5.540520900000001
5.5405559
5.5406129
5.5408549
5.5408549
5.5412549
5.541359900000001
5.541429900000001
5.541836900000001
5.542052900000001
5.5421239
5.542236900000001
5.542344900000001
5.542401900000001
5.5424159
5.542465900000001
5.542579900000001
5.5428009000000005
5.5430579
5.543145900000001
5.543247900000001
5.5439109
5.544008900000001
5.544059900000001
5.5441849
5.5442269
5.5443949
5.5445169000000005
5.5451429
5.545242900000001
5.545838900000001
5.545896900000001
5.5461729
5.546176900000001
5.5466639
5.5470899000000005
5.547104900000001
5.547390900000001
5.5478589000000005
5.5479219
5.549238900000001
5.5504689
5.5512939
5.551679900000001
5.5599769000000006
5.5605259
5.5611549
5.5621209
5.5641989
5.5716149
5.5823019
5.5826349
5.585622900000001
5.586614900000001
5.5908179
5.593534900000001
5.5946389000000005
5.6021279
5.6082539
5.6115839
5.6118869
5.613658900000001
5.6170489
5.6325329
5.633826900000001
5.6543919
5.6613129
5.6623089
5.663589900000001
5.6689319000000005
5.6695019
5.669600900000001
5.669701900000001
5.6697309
5.6697839000000005
5.6698409000000005
5.6698789000000005
5.6699099
5.6699839
5.6701199
5.670127900000001
5.6701759
5.6703029
5.6703409
5.6710329
5.671125900000001
5.671474900000001
trimmed mean: 5.565248831249998
trimmed stddev: 0.04535202297667133
trimmed mean (rounded): 5.6
trimmed stddev (rounded): 0.0
