11461350
12488910
11541598
11503766
11501135
11914017
11582917
11586151
11393572
11512408
11592764
11390855
11360014
11360563
11345876
11362158
11349276
11340212
11344432
11340319
11568272
11343948
11341397
11338650
11341467
11339590
11338732
11338529
11394676
11471163
11469821
11342453
11338733
11344046
11338960
11344264
11347959
11339455
11339765
11339785
11340892
11339622
11332961
11339247
11338953
11473599
11470213
11478221
11472095
11472034
11347428
11339275
11338626
11361192
11338983
11339099
11339400
11338777
11338672
11342090
11339033
11347127
11339616
11344554
11413696
11470340
11469878
11382339
11350506
11338889
11338839
11338736
11338967
11338814
11382672
11469539
11469916
11497537
11470021
11386652
11385660
11470165
11343095
11340892
11338944
11338961
11338852
11338902
11338981
11339162
11338797
11332717
11338418
11339283
11339656
11462346
11470157
11469768
11339035
11338952
11342503
11340290
11345934
11338981
11338962
11338763
11340424
11342161
11339058
11338839
11341874
11339332
11339019
11338684
11341292
11338938
11338853
11346701
11339247
11342439
11345180
11338833
11338924
11346210
11339341
11371652
11469947
11469739
11469638
11468969
11340253
11342617
11338839
11347896
11338949
11339112
11343285
11332999
11338591
11340558
11463627
11351717
11340267
11340148
11338908
11339097
11339251
11338754
11339122
11339100
11506423
11471512
11646573
11471070
11706794
11490244
11475796
11342838
11432570
11411924
11339843
11351331
11433864
11417086
11408291
11345280
11339384
11402165
11470378
11411621
11338767
11344097
11339132
11342382
11338531
11338442
11338914
11338833
11346214
11340593
11344222
11338878
11338918
11338555
11343183
11347142
11340203
11339027
11333005
11338769
11338837
11339047
11338749
11338741
11454429
11364236
11342274
11340650
11338521
11338573
