81166216
78678260
77652821
77607767
77704565
77729250
77594610
77586594
77596245
77583849
77603276
77588894
77591615
77609374
77616089
77599853
77648377
77612254
77614888
77644287
77602649
77603313
78840144
77742079
77625713
77629793
77596858
77594904
77568056
77623303
77606332
77599117
77688316
77593266
77679527
77663175
77630214
77641483
77584381
77618709
77599101
77611390
77576474
77574187
78769018
77792842
77712341
77546792
77574363
77599924
77571146
77579402
77583454
77567294
77600878
77594622
77609299
77626496
77583641
77557805
77555391
77568820
77582743
77577680
77544550
77582038
77558762
79671115
77747633
77576159
77609002
77600012
77606585
77598558
77699791
77731969
77711387
77734774
77726540
77759226
77734881
77760382
77736276
77741379
77729131
77725217
77737942
77719849
77737674
78774426
78664407
77693295
77694639
77566741
77594473
77575203
77599558
77611965
77625394
77619019
77619629
77574040
77567024
77602289
77609501
77560336
77577633
77587063
77581298
77589568
77569760
77719756
79634702
77698269
77577289
77562886
77570565
77572559
77597159
77597913
77575637
77569261
77557356
77581867
77579434
77576847
77580198
77613286
77573750
77564306
77624089
77618987
77574157
77589459
79625857
77744531
77692264
77618665
77581888
77607633
77577452
77558677
77604124
77573203
77608618
77589189
77620276
77599565
77609235
77579991
77578528
77571255
77587352
77580746
77576578
77590008
77665991
77917179
77798122
77832891
77827803
77735165
77718157
77715306
77726647
77720417
77730741
77744271
77735153
77729083
77752170
77747416
77726879
77742385
77751208
77732252
77710768
77733387
77716317
77986204
77761521
77840375
77725614
77733263
77721767
77712847
77755744
77728673
77734563
77730468
77727539
77753215
77707393
77712902
77729184
77733727
77716864
77714569
77730499
77728426
