7751.452190000001
7751.51659
7751.571290000001
7751.60029
7751.61199
7751.614990000001
7751.63259
7751.716590000001
7751.7599900000005
7751.812190000001
7751.843690000001
7751.854090000001
7751.880990000001
7751.925190000001
7751.94149
7751.95959
7751.964290000001
7752.04909
7752.136490000001
7752.139690000001
7752.195390000001
7752.216090000001
7752.270890000001
7752.3260900000005
7752.382990000001
7752.385090000001
7752.400090000001
7752.470590000001
7752.541690000001
7752.560390000001
7752.581190000001
7752.63439
7752.85569
7752.902590000001
7752.931490000001
7753.085690000001
7753.11519
7753.1421900000005
7753.153090000001
7753.197090000001
7753.357790000001
7753.52289
7753.643590000001
7753.657290000001
7753.658490000001
7753.68669
7753.820790000001
7753.882090000001
7753.912190000001
7753.987590000001
7754.052090000001
7754.106390000001
7754.10799
7754.1520900000005
7754.152790000001
7754.18159
7754.188690000001
7754.1974900000005
7754.284090000001
7754.425190000001
7754.461190000001
7754.52389
7754.527590000001
7754.608690000001
7754.829490000001
7754.85479
7754.95959
7754.97299
7755.05809
7755.096490000001
7755.119790000001
7755.126190000001
7755.133690000001
7755.146390000001
7755.335290000001
7755.392790000001
7755.421690000001
7755.524890000001
7755.685090000001
7755.805190000001
7756.062790000001
7756.067190000001
7756.0949900000005
7756.098190000001
7756.15919
7756.22389
7756.52659
7756.60519
7756.73569
7756.76759
7756.8458900000005
7757.175590000001
7757.21769
7758.344590000001
7758.62499
7759.033990000001
7759.47839
7760.513790000001
7760.79539
7762.148990000001
7763.02789
7763.42269
7763.525790000001
7763.6601900000005
7764.023190000001
7764.17539
7764.652790000001
7764.935590000001
7765.273090000001
7765.33499
7765.43039
7765.480990000001
7765.48649
7765.653190000001
7765.726890000001
7765.827990000001
7765.88269
7766.011990000001
7766.1718900000005
7766.18119
7766.2379900000005
7766.372990000001
7766.717990000001
7766.75769
7766.85029
7766.860990000001
7766.884190000001
7766.9501900000005
7767.038890000001
7767.063590000001
7767.104590000001
7767.1093900000005
7767.11469
7767.121290000001
7767.243090000001
7767.246190000001
7767.270390000001
7767.393190000001
7767.421490000001
7767.5225900000005
7767.534990000001
7767.568990000001
7767.652590000001
7767.6736900000005
7767.68439
7767.711590000001
7767.7127900000005
7767.823890000001
7767.9636900000005
7767.990490000001
7768.3341900000005
7768.40419
7768.43479
7768.623390000001
7768.6493900000005
7768.93789
7768.95959
7769.3170900000005
7769.41329
7769.517790000001
trimmed mean: 7758.934306875004
trimmed stddev: 6.385229785579562
trimmed mean (in ns): 2669.073401565001
trimmed stddev (in ns): 2.196519046239369
trimmed mean (rounded): 7758.9
trimmed stddev (rounded): 6.4
