4981.880945
4982.008495
4987.577495
4999.690245000001
5000.186195
5000.403995000001
5002.262595
5002.966095000001
5003.726995
5003.762995
5007.453145
5007.753045
5010.319745000001
5010.469645
5010.932245
5011.754645
5012.318895
5012.483945
5013.481095
5015.0597450000005
5015.142445
5015.567545
5016.053095
5016.313045
5016.391545
5016.489845
5017.325795000001
5017.886495000001
5017.893145
5018.170045
5018.5864950000005
5018.6894950000005
5018.933945000001
5018.957845
5019.243345
5019.767495
5019.841845
5020.145195
5021.250095
5021.424545
5022.245845
5024.4770450000005
5024.642845
5024.735495
5025.1678950000005
5025.359695
5025.410995
5025.657745
5025.900745
5026.248845
5026.320745
5026.503345
5027.111545000001
5027.192295000001
5028.001895
5028.315895000001
5028.5810950000005
5029.476895000001
5030.371895
5030.9945450000005
5031.001895
5031.616245
5031.833295
5033.115895
5033.255945
5033.3337950000005
5034.202495
5034.652995
5034.684245
5034.895895000001
5035.515595
5035.544745
5035.715395
5035.8340450000005
5035.878595
5037.032245
5037.474895
5037.882795
5038.690645000001
5041.084795000001
5041.583445
5042.097945
5043.476195
5043.669895
5048.301445
5049.971845
5053.536645
5058.993845
5059.279595
5061.495795000001
5064.090145
5066.575095
5066.676445
5068.899795
5069.5786450000005
5082.752195
5083.323945
5083.730445
5086.920045
5087.212245000001
5088.592395000001
5091.774045
5092.920295
5093.0179450000005
5095.369895000001
5097.916345000001
5098.023295
5098.294445
5098.784195
5107.350595
5113.416295
5114.290145
5114.618145
5114.713945
5114.927895000001
5116.8677450000005
5118.7159950000005
5124.0464950000005
5126.0543450000005
5128.166345000001
5129.670045
5130.815195
5131.090295
5131.980745000001
5132.310545
5135.717745
5136.281595
5136.289995
5136.6546450000005
5139.374745
5140.198095000001
5141.505995
5141.891245000001
5142.958345
5143.346245000001
5145.872745000001
5146.4145450000005
5149.919595
5154.242045
5162.582045
5164.1750950000005
5165.063045
5166.173245
5168.336595000001
5168.398545
5172.192095
5176.254945000001
5177.069745000001
5179.292195
5184.7162450000005
5184.923495
5186.558595
5187.354795
5192.007045
5196.426995000001
5196.454445
5202.451245
5202.595145
5207.123645000001
5211.468745
trimmed mean: 5072.404425312499
trimmed stddev: 61.630453226526996
trimmed mean (in ns): 1744.9071223074995
trimmed stddev (in ns): 21.200875909925283
trimmed mean (rounded): 5072.4
trimmed stddev (rounded): 61.6
