160138606
174083434
182233907
180961502
182882671
182853706
180231438
180555492
181369209
181567126
181566577
181900486
180284248
180425532
178817914
178637474
178322087
178270362
178348932
181385133
180566328
180159124
179029610
178355609
178180268
185186656
186245068
185973600
185855568
181780510
181081879
179785049
178969539
178151192
178164452
178130894
178348349
178040941
179496443
180504962
179930400
178867953
178354718
178198075
178335955
178469706
178331097
178145231
180921539
181223881
181179432
179016033
176983381
176792923
176625787
177016024
176990075
180475862
181931218
180201364
179498396
177389587
177965868
177873130
178227575
178303156
178331722
178204355
181934955
181336507
180363837
176567973
176700543
176574773
176605023
176640589
177114788
179473518
180468157
180889678
179906363
176464093
176532956
176408640
176780362
176544312
176413228
177907659
179376438
181689940
183045678
182626690
182591932
182623876
182527163
182567780
182469198
181884843
179312646
179293081
177683289
177631842
177153135
177275656
177712577
177278207
180441999
181930574
179598503
180118967
179975392
179923840
178156052
178082954
178971566
178919840
180254341
181163136
179409885
180259843
179936595
180371130
180363669
180636429
181004769
178033387
181867412
179304516
178387535
177949388
177847430
178274703
178245475
178300355
178304713
178411850
182929647
179603926
179932316
178507561
178708770
179613721
178127578
177967834
178066528
178511435
181332362
180939298
180277652
177995900
177940886
177787100
177939232
177646117
177697359
180352392
181006008
179545435
178209659
179382282
178011827
177844432
177856682
178146257
178022904
180012357
181687062
181478178
178479996
178063039
178001438
177641761
177884415
177713297
178168104
180497204
180722878
179596364
178258075
177887716
177995767
177964298
177984553
178034874
178163014
178257928
178604066
178181883
178823629
178009767
177793098
178132747
177959099
178017194
178459733
178378682
178395693
178141395
178016716
178352345
