84646.96429
84649.88928999999
84651.08258999999
84652.15379
84656.21519
84661.22359
84661.92418999999
84675.94748999999
84680.41719
84689.48578999999
84691.00989
84713.78758999999
84718.44589
84727.03709
84727.10449
84728.20859
84732.29359
84739.38699
84750.03249
84752.47759
84768.12548999999
84770.29559
84771.40978999999
84771.60459
84773.52449
84793.29759
84809.00409
84811.73749
84817.22669
84818.16139
84827.59329
84841.46519
84842.68529
84858.24219
84888.05279
84889.00529
84892.53009
84897.12329
84897.13068999999
84901.24849
84928.82179
84931.25119
84931.40749
84952.53859
84954.46549
84958.11448999999
84959.16549
84960.47519
84971.78219
84974.58329
84974.83409
84976.68649
84979.54719
84983.83829
84993.38889
84999.10259
85004.15028999999
85016.12548999999
85021.72899
85021.81429
85032.49588999999
85032.81238999999
85033.95479
85038.06919
85040.37099
85048.76879
85052.10799
85060.39149
85064.49648999999
85071.37669
85096.90039
85097.86879
85100.36039
85106.32489
85113.67579
85134.19589
85138.96629
85147.85109
85152.21019
85155.33129
85157.03239
85158.28878999999
85159.70139
85160.69909
85166.10199
85175.51169
85178.10419
85182.05109
85189.26209
85203.16039
85204.54449
85205.09578999999
85207.73439
85207.85759
85208.34649
85213.54379
85214.50979
85216.34839
85217.46409
85217.63399
85218.04379
85223.61849
85234.64968999999
85245.42209
85245.61968999999
85248.25709
85252.14878999999
85252.59289
85262.26649
85271.87129
85274.39328999999
85275.35859
85276.64209
85286.01149
85295.83429
85298.16499
85300.18139
85318.17878999999
85329.18529
85330.72909
85332.62918999999
85332.76088999999
85334.98689
85342.04779
85344.01709
85352.28559
85358.53249
85358.70788999999
85360.21799
85363.97279
85372.67339
85373.57409
85376.68489
85376.96439
85381.40149
85399.48629
85413.30919
85416.64739
85430.29109
85432.34109
85438.59229
85439.14269
85440.05949
85441.05049
85441.60038999999
85445.04419
85445.14059
85451.82019
85462.90689
85466.84039
85470.63479
85482.58589
85491.24509
85491.48569
85491.66239
85493.68338999999
85495.27309
85517.48589
85522.33019
85524.17669
trimmed mean: 85112.15848124996
trimmed stddev: 252.7669576382873
trimmed mean (in ns): 29278.582517549985
trimmed stddev (in ns): 86.95183342757082
trimmed mean (rounded): 85112.2
trimmed stddev (rounded): 252.8
