176263091
175064061
174777496
174466223
175198773
174940848
173357529
173140392
175199481
178413665
174870434
174463818
175058061
173120078
173245427
172933309
173148350
173083371
173129962
179469414
175105398
174648315
174681511
174204515
173155106
172668282
172689788
172568573
173008767
173230130
175059241
176572795
174539087
172775898
172854268
172581865
172814277
172827861
172924855
173286208
174968741
174856578
175089625
173085713
172873263
172747727
172746348
172651955
172724275
172648719
175057882
174827658
179474628
177216353
177150321
177883794
177164526
176786564
177335333
176591567
174849251
174890613
174219289
172707448
172764381
172693642
172701559
172679844
172705123
172739255
175160923
174562161
174231930
172779084
173782747
173980767
172875925
172887448
173050172
172999474
175084110
174881282
174483097
172696597
172704906
178179302
177245498
177615595
177512497
177330114
175012348
176058981
177460307
174940750
175480175
174842213
173163614
173150841
173129956
173483988
175210610
174944109
178169491
175904123
177870703
178940243
177402095
177229924
177762839
177477361
175132959
175410971
175402408
174563395
173187717
172984863
173167579
173019564
173011537
173959936
175393073
175181561
175164613
174682713
173235312
173256108
173083482
172843751
172928288
173356781
175248143
175265227
175355315
172977125
172378163
172434123
173269621
172625546
173259357
173012645
174478233
175212284
175260498
172704401
173148822
173046678
173669891
173239673
173088617
173241356
175823685
175315999
175500752
172780766
173815647
173552397
173854551
173358969
173890640
175905968
175156626
174833578
174926483
172801653
173053132
172888387
172896130
172722085
172837564
172718338
175184466
175017536
174934151
172568503
172706971
173105593
172947760
172871382
173036689
172771060
175241041
175027159
175202097
172946782
173147587
172716150
172465839
172822276
173333151
173169194
173163771
173305240
173143490
172917704
173130323
172779074
173176156
172639210
172950314
172527497
