4749.191095
4749.214945000001
4749.650045
4749.759445000001
4749.946795000001
4750.056295
4750.805295
4751.159945
4751.228895
4752.061595
4752.395545
4752.637445
4752.796245
4752.796745000001
4752.880845000001
4753.925195000001
4754.5563950000005
4754.9563450000005
4755.235595
4755.7207450000005
4756.030095
4756.555945
4757.411645
4757.505695000001
4757.638795
4758.214945000001
4758.261895000001
4758.649045
4759.727745
4760.085295
4760.256945
4760.507995
4761.181645000001
4761.230545
4761.358245
4762.698795
4763.085695000001
4763.816245
4764.280895
4764.419395
4764.474795
4764.820745
4765.676995000001
4766.176445
4766.3511450000005
4766.499145000001
4768.011095000001
4768.016645000001
4768.128195
4768.273395
4769.122195
4769.846445
4770.3403450000005
4770.340645
4770.358695
4770.862145
4771.0170450000005
4771.221895000001
4771.260045
4771.283645
4771.384595
4771.597845
4772.023245
4772.031095
4772.221495000001
4772.302245
4772.650345
4773.228395
4775.349045
4775.608145
4775.826195000001
4775.910345
4776.113895
4776.647945000001
4776.810395
4777.323595000001
4778.152945000001
4779.104545
4780.500095
4781.681595
4781.718995
4781.790995
4788.041945
4791.4623950000005
4797.337095
4802.979895
4804.624895
4806.570095
4808.374545000001
4811.839345
4812.880895
4824.068295
4824.806995
4825.439045
4837.033445
4837.153695
4837.754195
4837.997395
4840.796895
4841.950595
4842.012295
4846.2582950000005
4847.918095
4847.978195000001
4852.717345
4855.225445
4855.521445
4855.953195
4856.305095000001
4856.671445
4857.364245000001
4857.906645
4858.373195
4860.166695
4860.5500950000005
4860.880045
4860.884945000001
4861.047995
4862.279595
4864.4599450000005
4864.719345
4865.200495
4866.736645
4866.745595
4866.8045950000005
4867.0455950000005
4868.0480450000005
4868.323795
4869.112445000001
4870.490495
4871.673845
4871.888695000001
4872.073195
4872.9205950000005
4873.065845
4873.7811950000005
4873.816595
4873.947395
4874.373045
4874.456745
4875.894595000001
4876.249695
4876.867445
4877.103895
4879.642495
4881.608295
4883.496195000001
4883.962945
4884.391095
4887.851295
4888.880145
4905.026795000001
4909.048695
4909.140945
4916.791595000001
4926.997095000001
4942.482295000001
4943.420895
4953.170745
4971.358595000001
trimmed mean: 4812.600928124998
trimmed stddev: 55.38655732662933
trimmed mean (in ns): 1655.5347192749991
trimmed stddev (in ns): 19.05297572036049
trimmed mean (rounded): 4812.6
trimmed stddev (rounded): 55.4
