851665028
847793282
849372112
846862209
861399613
850386161
846556930
842937127
851655051
849896420
852221521
852232678
854509443
851640925
851628361
848175412
845605263
856404414
855950003
848239651
858446949
855516858
859840238
854458632
853385646
856221799
855507583
853784771
852918152
846497695
848983338
842915867
843971530
852404534
853645116
856538192
855232896
853643362
853793778
852583966
852135381
854474041
852801970
850276180
849824902
850545725
856494669
852141502
852203135
849070522
853016380
854360948
850461747
848472689
854191129
852103482
852680702
851399996
857220219
851027041
852238475
854764385
853580893
853059851
852089641
854052900
852234377
852512258
854726441
848484890
853498208
853239825
852811623
850382996
852514234
852579525
851813154
849029344
852294222
853407906
853365328
853478515
849029270
853039687
849853509
854883896
852108995
854576239
851580139
850579117
855689947
854443960
854468542
855281339
856701609
852776750
855299804
855748544
854994871
858885769
856681441
855741627
855010768
849775859
849583423
853384329
854381448
854970488
854449464
853697765
852540608
851036725
857056514
854508479
856892720
855471170
853660217
854972894
854974661
849639182
847558362
851121286
854687106
853827681
850049063
847991013
844353955
853872052
852136613
853824886
849806378
850703002
852824458
854224511
851950658
851878548
851611350
850275327
850397585
851061641
847739292
847195913
851447700
848148078
848230304
849991926
853349890
851536548
850219292
849346255
846003309
847451907
851194795
848333970
852193475
847328408
841423334
847380973
846670273
850099540
849602692
848938565
848640459
844836466
846579575
847582813
842587128
845808953
848948090
850438729
846620189
846817512
845716775
845289800
845087892
847242496
846952895
845940340
845481959
847774083
847772135
845364169
845963609
846527680
846968136
847329082
849662789
846568863
850771804
851719057
847340123
845498513
844291230
849649692
849370549
846677279
847760993
849803870
850661952
851839079
