2.0932309000000004
2.0933049000000006
2.0982499000000003
2.0982519
2.0982809000000002
2.0983809000000004
2.0983949
2.0984579000000005
2.0985579000000003
2.0985699
2.0985709000000003
2.0985929000000003
2.0986359000000006
2.0987199000000003
2.0987859
2.0988799000000005
2.0988809
2.0990239
2.0991579000000002
2.0993349000000006
2.0994079000000005
2.0996349000000003
2.0996559000000006
2.0998129000000003
2.0999339000000004
2.1003719000000003
2.1005249000000004
2.1005489
2.1008309000000005
2.1010129
2.1011359000000005
2.1013999000000005
2.1014769
2.1017889000000003
2.1020779000000003
2.1020939000000003
2.1025859000000002
2.1027759000000006
2.1033749000000004
2.1035899000000002
2.1036219000000003
2.1036299000000005
2.1036609000000004
2.1036809000000005
2.1036989000000004
2.1037049000000003
2.1037079000000003
2.1037109000000003
2.1037109000000003
2.1037229
2.1037329000000002
2.1037339000000004
2.1037419
2.1037529000000004
2.1037529000000004
2.1037659000000004
2.1037819000000004
2.1037859000000005
2.1038019000000006
2.1038019000000006
2.1038079000000005
2.1038239000000005
2.1038339000000006
2.1038339000000006
2.1038419000000004
2.1038629
2.1038649000000005
2.1038789
2.1038939000000005
2.1039089000000004
2.1039469000000004
2.1039519
2.1040389000000004
2.1040679000000004
2.1040839000000005
2.1041289000000005
2.1041489
2.1044449000000003
2.1044739000000003
2.1045089000000003
2.1047899000000005
2.1050319
2.1052519000000003
2.1053169000000005
2.1053849000000002
2.1054439000000005
2.1055479000000004
2.1056049000000003
2.1056249000000005
2.1057879
2.1059619000000005
2.1063169000000004
2.1064839
2.1066249000000004
2.1066279000000003
2.1070279000000003
2.1070379000000004
2.1070889000000004
2.1070929000000005
2.1073859000000006
2.1075899000000002
2.1076919000000003
2.1079419000000006
2.1079609000000006
2.1082349000000002
2.1084119000000006
2.1085269
2.1086829000000002
2.1086909000000005
2.1089239
2.1089909000000002
2.1091439000000003
2.1091479000000004
2.1091949000000003
2.1092919000000006
2.1092989
2.1093139000000005
2.1094139000000003
2.1094229
2.1094259
2.1094539000000005
2.1094619000000003
2.1095059000000003
2.1095219000000003
2.1095309
2.1096039
2.1096079000000003
2.1096159000000005
2.1096469000000004
2.1096629000000005
2.1096889000000005
2.1097149
2.1097269000000005
2.1097309
2.1097429000000005
2.1097589000000005
2.1097739000000004
2.1097789000000002
2.1098419
2.1098879000000004
2.1099099000000003
2.1099929000000004
2.1099989000000003
2.1100209000000003
2.1100329
2.1100389
2.1101119
2.1101159000000003
2.1106929000000005
2.1108119000000003
2.1109689000000005
2.1110219000000003
2.1115859000000006
2.1120799000000003
2.1124189
2.1144979000000004
2.1145509000000002
2.1151479
2.1161669000000005
2.1165499000000003
trimmed mean: 2.10542409375
trimmed stddev: 0.00442813012525726
trimmed mean (rounded): 2.1
trimmed stddev (rounded): 0.0
