9300268
8255675
7916204
8808010
8136580
8049078
7989517
7983947
8374769
7907065
8028440
7892427
7909816
8003807
7993403
7937927
7909796
7892600
7903770
7919192
7892801
7962512
7899693
7903839
7902115
7910149
7903748
7898495
7903879
7909232
7903861
7905999
7899195
7903718
7905069
7904511
7903736
7908449
7898595
8096487
7923354
7908720
7903790
7907729
7898432
7893080
7919031
7905585
7903871
7898757
7909752
7914535
7905422
7932734
7898918
7904166
7910036
7909947
7903698
7909491
7907130
7904076
7906665
7905289
7892539
7909684
7909499
7903745
7916587
7909768
7903659
7899445
7910058
7901437
7903946
7898289
7899971
7902813
7912456
7911623
7903845
7909764
7900586
7903900
7909028
7911059
7905481
7907423
7901826
7892838
7910030
7902131
7903984
7898287
7915185
7904186
7898607
7909185
7903989
7899372
7911006
7901050
7903771
7905354
7901514
7903790
7906521
7910730
7904121
7907126
7903412
7892584
7908272
7909726
7903839
7907979
7909463
7893268
7908961
7903627
7906662
7909336
7903803
7914588
7903916
7903902
7908564
7892820
7905662
7910076
7904482
7909543
7900868
7903871
7904827
7926888
7892902
7898630
7898673
7892629
7909559
7909645
7892620
7909780
7898823
7909329
7903931
7942896
7899850
7903742
7906354
7900409
7892572
7909460
7900562
7892842
7910153
7898418
7892907
7912117
7898917
7892874
7909879
7909811
7903667
7898318
7904546
7892678
7909351
7905642
7907075
7893342
7909925
7909653
7903748
7905825
7898608
7892983
7899061
7907627
7903819
7909700
7909568
7903823
7901173
7902623
7903779
7899672
7910070
7903760
7909451
7907998
7909181
7892653
7904105
7910849
7892959
7909641
7908728
7892624
