2.3245030779999993
2.3245251979999995
2.3245349179999995
2.3245416279999995
2.3245487879999995
2.3245491379999996
2.3245536879999995
2.3245648479999996
2.3245781379999997
2.3245890279999997
2.3246199179999993
2.3246333679999993
2.3246403879999997
2.3246785379999997
2.3246882779999996
2.3246970579999995
2.3246990479999994
2.3247040679999995
2.3247088479999993
2.3247112879999996
2.3247173679999995
2.3247246479999997
2.3247437879999997
2.3247571979999995
2.3247586579999995
2.3247609279999994
2.3247670479999996
2.3247686679999995
2.3247748179999994
2.3248269679999995
2.3248383879999994
2.3248409879999996
2.3248418779999995
2.3248510079999996
2.3248510479999993
2.3248624179999995
2.3248737979999996
2.3248842379999997
2.3248921079999993
2.3249237679999997
2.3249291379999995
2.3249557579999993
2.3249626879999994
2.3249877979999996
2.3250019079999995
2.3250043579999997
2.3250108879999996
2.3250198479999997
2.3250213779999993
2.3250287579999993
2.3250367279999997
2.3250399679999996
2.3250619579999996
2.3251494779999997
2.3251863379999995
2.3252138679999996
2.3252498379999995
2.3252823479999996
2.3253278879999995
2.3254006579999995
2.3254500579999995
2.3256389579999994
2.3257447079999993
2.3258695879999993
2.3266971279999997
2.3268536979999994
2.3280037579999995
2.3280414979999997
2.3280802779999994
2.3281140379999994
2.3281749379999996
2.3283203579999996
2.3283418179999997
2.3287123079999996
2.3287678179999993
2.3290244379999994
2.3293684479999994
2.3295333279999997
2.3296832279999995
2.3297258979999995
trimmed mean: 2.32560683575
trimmed stddev: 0.0015040483143918414
trimmed mean (rounded): 2.3
trimmed stddev (rounded): 0.0
