803210558
792457851
792953370
792487417
792972627
794365652
794718540
792525021
792902481
792502022
792485138
792528272
792586996
792685407
792474416
793648090
792484136
792669750
793776654
792832073
792502175
792563933
793350972
792506233
793363044
792447767
792574508
792498817
792532826
792484225
792871268
792482734
792489248
792500473
792486279
792488461
792496306
794144389
792514985
792968360
792469743
792500228
792454916
792468865
792834219
792492951
792431707
792447979
792492414
792471774
792456522
792462029
792800413
792495613
792433061
792469942
792504034
792445893
792470444
793040219
792485142
792441449
792876819
792502913
792477519
792452557
792808065
792483876
792442397
792442675
792455406
792476742
792454200
792458940
792817531
792467891
792454951
792472502
792471166
792445510
792464076
792811441
792475757
792436292
792463374
792475903
792470922
792450345
792804187
792476904
797894046
792501126
792936882
792540103
792521424
792545043
792518671
792476130
792453529
792503710
