1.1270539000000004
1.1271479000000004
1.1272469000000003
1.1273099000000004
1.1273739000000003
1.1273839000000003
1.1273919000000003
1.1274669000000004
1.1274769000000004
1.1274959000000004
1.1275039000000004
1.1275839000000003
1.1276329000000003
1.1277269000000003
1.1279749000000003
1.1280279000000004
1.1280579000000004
1.1283219000000004
1.1283629000000004
1.1284619000000005
1.1311759000000003
1.1312489000000003
1.1312809000000004
1.1313249000000003
1.1315789000000003
1.1318229000000004
1.1318699000000003
1.1319749000000003
1.1321619000000003
1.1321879000000004
1.1322569000000005
1.1323369000000003
1.1323399000000003
1.1323719000000003
1.1324439000000004
1.1326199000000003
1.1326459000000004
1.1329909000000005
1.1329969000000004
1.1330009000000003
1.1330209000000004
1.1333579000000005
1.1333659000000005
1.1334789000000003
1.1337729000000003
1.1338659000000004
1.1341939000000003
1.1343199000000004
1.1344519000000004
1.1350879000000005
1.1351929000000003
1.1352579000000003
1.1357619000000003
1.1359309000000004
1.1360399000000003
1.1361729000000003
1.1367659000000003
1.1368039000000003
1.1370489000000004
1.1378369000000004
1.1379999000000003
1.1383239000000003
1.1385659000000004
1.1387399000000005
1.1394969000000004
1.1395929000000005
1.1395989000000004
1.1401799000000004
1.1402679000000004
1.1403239000000003
1.1403479000000003
1.1404079000000005
1.1404159000000005
1.1404599000000004
1.1407499000000003
1.1408759000000004
1.1408779000000004
1.1408939000000005
1.1412449000000005
1.1413899000000003
1.1414209000000004
1.1416079000000003
1.1416119000000005
1.1417629000000005
1.1419729000000003
1.1419889000000003
1.1420289000000003
1.1420389000000004
1.1420619000000003
1.1421299000000005
1.1421539000000003
1.1422049000000003
1.1422109000000005
1.1423399000000003
1.1423659000000004
1.1426689000000003
1.1427549000000004
1.1427569000000004
1.1427719000000003
1.1427999000000004
1.1430529000000005
1.1431379000000004
1.1436519000000003
1.1436789000000003
1.1437289000000004
1.1437359000000005
1.1437379000000003
1.1437539000000003
1.1437799000000004
1.1437979000000005
1.1439329000000005
1.1439359000000004
1.1445039000000004
1.1450239000000004
1.1451089000000003
1.1451669000000004
1.1455789000000003
1.1456689000000004
1.1459339000000004
1.1461979000000004
1.1463109000000005
1.1464809000000005
1.1467119000000003
1.1467299000000004
1.1469569000000004
1.1470029000000004
1.1471219000000004
1.1471579000000003
1.1472209000000004
1.1473309000000003
1.1473989000000004
1.1474529000000004
1.1474529000000004
1.1474779000000004
1.1474879000000004
1.1476819000000005
1.1476979000000003
1.1477609000000004
1.1477809000000003
1.1479589000000003
1.1479669000000003
1.1480669000000003
1.1480719000000004
1.1481249000000004
1.1482499000000004
1.1484109000000005
1.1484219000000004
1.1486659000000004
1.1489009000000003
1.1490009000000003
1.1491039000000003
1.1492769000000003
1.1499549000000004
1.1502529000000004
1.1517479000000004
1.1522379000000005
1.1523359000000004
1.1526269000000005
1.1538129000000004
1.1547289000000003
trimmed mean: 1.1398375812499997
trimmed stddev: 0.0072765791794392335
trimmed mean (rounded): 1.1
trimmed stddev (rounded): 0.0
