7228848
6972861
7125323
6944541
7199141
7136600
7003494
7042909
6926344
7021971
6958744
7073527
6952373
6927421
6934489
6970179
6928095
6941649
6942026
6954766
6949992
6926794
6943175
6942403
6947515
6936803
6928359
6936210
6925774
6948287
6947040
6942706
6946767
6941645
6947735
6943775
6927429
6933403
6928499
6946749
6947159
6941458
6948109
6943773
6934357
6945204
6940385
6967313
6925018
6945971
6946518
6927091
7136349
6928400
6938037
6940217
6965804
6942191
6927504
6933903
6931907
6925969
6932294
6926897
6932199
6932481
6926092
6933038
6924486
6945146
6951785
6925522
6932377
6926197
6931318
6935125
6948448
6948004
6943766
6948459
6948104
6942066
6940913
6925143
6932225
6933395
6941282
6940497
6940931
6979128
6950290
6927185
6933516
6926584
6952275
7008742
6927541
6931362
6925400
6942792
6940445
6935295
6936077
6943817
6947818
6942099
6948703
6947798
6942377
6949038
6942076
6993213
6945706
6942010
6938603
6927621
6947525
6953850
7001692
6947996
6949314
6948938
6947490
6942837
6947436
6945061
6947195
6952664
6926837
6932374
6927411
6947490
6947258
6940453
6939630
6928012
6943973
6943716
6928065
6931286
6926006
6931616
6936841
6942809
6939534
6927670
6946235
6943090
6942167
6958950
6927284
6946994
6949141
6941800
6939636
6926167
6931213
6935230
6942248
6940305
6927764
6943835
6957847
6926958
6933034
6926432
6932409
6933058
6926768
6937086
6942242
6937874
6934231
6940915
6948162
6943689
6938777
6933028
6927347
6938361
6940361
6947719
6947368
6943791
6945616
6941427
6935968
6932683
6940787
6942794
6935799
6932012
6927533
6932657
6931860
6927514
6933810
6927041
6946348
6943970
