1057736027
1051881736
1056813232
1054137438
1051554097
1051196723
1051975422
1051960654
1051762111
1051659900
1051276769
1051385414
1051750769
1051269413
1051955255
1051558236
1053712568
1051636228
1051900400
1052233690
1051411657
1051796814
1051407887
1051653556
1051539880
1052196029
1051993844
1050909373
1051795289
1051580161
1051405004
1051282104
1050945364
1051503750
1051628097
1051369924
1051891429
1051948440
1052166525
1051823278
1052167229
1051559448
1052436728
1051363769
1051491018
1051366243
1051630181
1051401476
1051960426
1052176923
1052337379
1052433572
1052450082
1051854192
1051943508
1051674331
1051563018
1051287309
1051641652
1052040546
1051635248
1051552551
1051599610
1051339681
1052258885
1051457074
1051484852
1051425174
1051452284
1051228675
1051472665
1051577895
1051528454
1051650196
1051487364
1051949131
1051401866
1051290846
1051255592
1051314731
1051214292
1051741746
1051228061
1051349388
1051206054
1051834616
1051589222
1051517086
1051644773
1051303001
1051870422
1051201823
1051839545
1051376957
1051328533
1051753205
1051165111
1051929310
1052664225
1052421660
