10537331
10713390
10768468
10927451
10583562
10615312
10607088
10535161
10500991
10508469
10517306
10527621
10514533
10508919
10506892
10507348
10509687
10507247
10500915
10506712
10506498
10506728
10506591
10506652
10506313
10703235
10507271
10506708
10511964
10501081
10507045
10506688
10506808
10506991
10522527
10507797
10507049
10508415
10508062
10507892
10501007
10507483
10508800
10507376
10506848
10509219
10506823
10506676
10506628
10516723
10501126
10510556
10508207
10506900
10508051
10506600
10506676
10506623
10508005
10506526
10506777
10501086
10510361
10506914
10507749
10506805
10508035
10507884
10506624
10507823
10506642
10501054
10508074
10506664
10506644
10506640
10506593
10554719
10510137
10506902
10507322
10506611
10500903
10506225
10506716
10506458
10506545
10506464
10506539
10506741
10506418
10506604
10501063
10506702
10506559
10508499
10506627
10506594
10507853
10506420
10506434
10506612
10506402
10501072
10507878
10506497
10506394
10509198
10506807
10506648
10515334
10508582
10506668
10500965
10506612
10511004
10506385
10506567
10506575
10506497
10506742
10506603
10507981
10506486
10501019
10506444
10506446
10506561
10508219
10521727
10506490
10506451
10520010
10506797
10500969
10506608
10506410
10506684
10507703
10506482
10506446
10506371
10507905
10506545
10509687
10508493
11439580
10564486
10961953
12324935
10512754
10508380
10626222
10508150
10519561
10507110
10506586
10508138
10501007
10506601
10505325
10830301
10636394
10556530
10513036
10676013
10514638
10544061
10510971
10500967
10510096
10516912
10519496
10509374
10508269
10509361
10531007
10512014
10507989
10506745
10501007
10506680
10506555
10506738
10506763
10506619
10506586
10506837
10506661
10506676
10510091
10501023
10508062
10506524
10521234
10507120
10506819
10506518
10506517
10506807
