4.706333900000001
4.706347900000001
4.7063569
4.7063649000000005
4.706372900000001
4.7063809
4.7063829
4.7063969000000005
4.7064069
4.7064089000000005
4.7064089000000005
4.7064139
4.7064209
4.7064269
4.7064449
4.706448900000001
4.7064529
4.7064599000000005
4.7064599000000005
4.706460900000001
4.706479900000001
4.706480900000001
4.706486900000001
4.7064889
4.7065019
4.7065079
4.7065079
4.706517900000001
4.7065219
4.7065239000000005
4.7065299000000005
4.706537900000001
4.7065489000000005
4.7065489000000005
4.7065539
4.706555900000001
4.706556900000001
4.706562900000001
4.706563900000001
4.7065659
4.7065669
4.7065709
4.7065739
4.706574900000001
4.706574900000001
4.706581900000001
4.7065859
4.7065869000000005
4.7065899
4.7065909
4.7066029
4.7066049
4.706606900000001
4.7066109
4.7066149
4.7066239
4.706626900000001
4.7066309
4.706638900000001
4.706638900000001
4.706638900000001
4.7066429
4.7066469
4.7066509000000005
4.706664900000001
4.706670900000001
4.7066749
4.7066789
4.706690900000001
4.7067009
4.7067039
4.7067049
4.7067079000000005
4.7067259
4.7067399000000005
4.706759900000001
4.7067679
4.7067699
4.7067699
4.7067709
4.7067819
4.706785900000001
4.7067999
4.706810900000001
4.706854900000001
4.7068629
4.7068649
4.7068769
4.7069539
4.707007900000001
4.7070119
4.7070729
4.7070829000000005
4.7072099000000005
4.7072339
4.7072849
4.7073109
4.707338900000001
4.707445900000001
4.7076659
4.7077119000000005
4.7077599
4.7077859
4.7078159
4.707840900000001
4.707846900000001
4.7078549
4.7078679
4.7079439
4.7079519
4.707967900000001
4.7079979000000005
4.7080139
4.708024900000001
4.708024900000001
4.708036900000001
4.708100900000001
4.708112900000001
4.708169900000001
4.7081819000000005
4.7082319
4.708342900000001
4.7083779
4.708431900000001
4.708455900000001
4.7084619000000005
4.708544900000001
4.7087629
4.708881900000001
4.7091609000000005
4.709181900000001
4.7093239
4.7093369
4.7096499000000005
4.7096499000000005
4.7100539
4.7100589
4.7100999
4.710323900000001
4.7105189
4.710933900000001
4.710966900000001
4.711926900000001
4.711976900000001
4.7127169
4.7129989000000005
4.7144959
4.714600900000001
4.7152969
4.716685900000001
4.7168749000000005
4.7172689000000005
4.7194589
4.7195239
4.7199729
4.721196900000001
4.7216899
4.7224899
4.7275839
4.730969900000001
trimmed mean: 4.708490775000001
trimmed stddev: 0.003993515183628956
trimmed mean (rounded): 4.7
trimmed stddev (rounded): 0.0
