4.912693758
4.912767317999999
4.912820667999999
4.912872717999999
4.912908087999999
4.913029637999999
4.913146938
4.913284957999999
4.9133964379999995
4.913493507999999
4.913637317999999
4.913662058
4.913698867999999
4.913769198
4.913853767999999
4.914014387999999
4.914018287999999
4.914049668
4.914078497999999
4.914116197999999
4.9142513679999995
4.9145224679999995
4.914570368
4.914726278
4.914848148
4.914873267999999
4.914909807999999
4.915037128
4.915170487999999
4.9152841679999995
4.915398428
4.915525138
4.915540598
4.915581988
4.915594108
4.915629807999999
4.915778577999999
4.915801237999999
4.915891847999999
4.9159957279999995
4.916280597999999
4.916301438
4.916352108
4.916361908
4.916416148
4.916447357999999
4.916501587999999
4.916535187999999
4.916598627999999
4.916742938
4.917417088
4.917507317999999
4.917531678
4.917620737999999
4.917952518
4.917967768
4.918232408
4.918345788
4.918395078
4.918541547999999
4.918703848
4.918816988
4.918913917999999
4.919003628
4.919292727999999
4.919434708
4.919484027999999
4.919490937999999
4.919552177999999
4.919603887999999
4.919606168
4.919753847999999
4.9199380679999996
4.920405088
4.921664878
4.9216719179999995
4.921768857999999
4.921959918
4.922336528
4.922588478
trimmed mean: 4.91652854575
trimmed stddev: 0.00262853830435048
trimmed mean (rounded): 4.9
trimmed stddev (rounded): 0.0
