73
67
68
67
40
43
40
42
43
42
40
43
46
40
45
42
42
43
42
43
42
44
45
44
42
41
46
42
45
44
40
43
42
44
45
42
44
40
43
39
40
42
41
44
46
41
42
42
42
37
43
44
42
43
42
43
48
44
43
42
44
45
44
43
41
44
42
43
44
41
45
44
42
43
44
46
42
43
40
40
43
42
42
47
47
42
43
46
42
43
40
44
39
43
42
42
41
44
46
43
44
43
40
47
44
42
39
46
42
40
42
43
46
44
42
45
46
41
42
46
43
42
46
43
44
43
44
42
43
42
44
41
44
41
46
42
40
44
40
43
42
43
42
44
45
44
42
42
43
45
43
42
46
41
46
42
43
42
44
43
42
44
42
41
46
45
41
42
45
42
45
42
44
44
42
41
44
41
42
44
45
42
49
44
42
41
42
44
43
44
40
42
41
42
44
45
44
46
41
42
42
43
42
46
43
42
44
42
45
42
43
44
46
45
42
46
45
42
43
39
42
43
40
44
43
41
42
44
43
43
48
42
40
45
42
46
43
40
44
45
45
43
40
42
44
43
42
43
46
40
43
46
41
42
42
43
40
44
41
43
42
42
39
42
40
43
40
42
43
42
43
42
46
40
43
44
42
44
44
45
42
42
45
44
42
43
42
43
44
42
45
41
42
46
43
42
44
43
44
46
42
42
42
42
43
44
46
44
44
43
44
44
41
44
44
43
44
46
42
40
45
44
44
43
42
42
45
40
42
43
44
44
43
42
41
44
42
41
45
44
44
46
42
42
41
44
44
44
40
44
44
41
42
42
43
42
44
41
42
42
41
44
42
43
42
43
44
41
47
44
44
44
41
42
44
45
44
46
43
44
46
45
42
42
41
42
46
43
44
43
40
42
43
44
40
47
42
40
48
41
42
44
43
42
44
42
44
45
42
40
43
42
44
45
40
44
45
46
42
43
45
42
42
43
42
46
43
44
42
42
44
41
42
42
44
42
43
46
43
44
44
42
42
45
42
42
43
42
46
45
46
42
42
43
44
42
41
46
42
43
45
42
44
43
43
42
43
43
42
45
44
44
43
42
42
45
44
42
43
44
44
43
44
40
41
42
40
40
39
42
42
43
45
42
44
39
42
43
43
44
