36
38
40
37
36
36
38
38
38
38
38
36
38
36
39
39
38
36
36
36
36
38
38
36
38
37
37
36
36
36
36
36
36
37
35
38
40
36
37
37
36
38
33
37
36
40
36
36
40
37
39
38
38
40
38
36
38
37
37
37
36
35
39
38
38
36
36
40
37
36
37
36
36
36
36
36
36
40
36
36
39
37
39
40
36
36
36
40
36
38
37
37
39
36
37
39
36
36
40
40
36
38
38
37
36
36
36
39
37
39
38
38
38
36
37
39
38
36
36
38
36
38
39
37
36
36
36
38
36
40
37
39
34
37
37
38
34
38
38
40
36
38
34
36
33
37
36
36
36
40
35
40
38
36
36
38
37
35
36
38
38
40
38
39
35
35
38
38
36
38
36
39
37
37
35
36
34
38
38
36
35
37
33
36
38
36
37
39
39
39
36
36
38
35
39
36
40
38
38
37
39
36
36
36
38
39
37
37
36
36
36
40
37
39
38
36
36
35
37
36
36
36
38
39
36
40
40
40
39
33
38
34
36
36
36
39
35
38
38
36
36
36
33
37
37
38
40
38
36
37
37
35
38
38
38
36
35
37
36
38
38
38
36
35
37
35
36
38
36
38
38
35
39
38
36
40
36
40
38
37
37
36
38
36
36
34
38
39
34
40
36
40
38
37
39
36
36
36
36
39
36
36
38
36
36
38
39
40
36
34
38
40
36
38
37
35
36
38
36
34
35
35
38
36
38
34
40
36
37
33
36
38
36
38
35
36
36
38
34
39
37
34
36
40
38
36
37
35
38
36
38
36
38
35
39
39
38
36
38
38
39
36
38
36
38
35
36
36
36
39
35
40
36
38
38
39
36
38
36
38
38
36
36
38
37
37
39
38
40
37
40
36
36
36
36
40
38
34
39
34
38
36
36
39
36
38
36
38
35
37
36
38
38
38
36
36
38
37
35
34
40
38
40
38
38
38
38
39
35
36
39
36
40
36
34
40
39
38
36
38
38
38
35
39
38
36
38
38
34
40
37
36
38
38
40
36
36
37
35
36
38
38
38
36
36
37
37
38
36
38
36
39
37
36
36
38
36
37
36
38
36
40
41
39
40
36
38
36
38
35
39
40
34
38
36
36
37
39
39
38
Trials: 500
Mean Cycles for Read: 37.106000
Stddev: 1.588321

