48577.9
48577.9
48586.9
48588.9
48590.9
48596.9
48600.9
48604.9
48613.9
48614.9
48616.9
48622.9
48623.9
48624.9
48624.9
48626.9
48626.9
48628.9
48629.9
48629.9
48630.9
48634.9
48637.9
48643.9
48644.9
48644.9
48644.9
48646.9
48647.9
48648.9
48650.9
48651.9
48652.9
48653.9
48654.9
48655.9
48655.9
48661.9
48662.9
48662.9
48662.9
48668.9
48670.9
48675.9
48677.9
48679.9
48682.9
48682.9
48683.9
48685.9
48685.9
48687.9
48687.9
48688.9
48688.9
48691.9
48693.9
48697.9
48699.9
48701.9
48701.9
48705.9
48708.9
48709.9
48713.9
48719.9
48721.9
48723.9
48723.9
48725.9
48725.9
48729.9
48735.9
48735.9
48737.9
48739.9
48739.9
48741.9
48743.9
48743.9
48743.9
48747.9
48751.9
48753.9
48753.9
48755.9
48759.9
48763.9
48768.9
48773.9
48773.9
48773.9
48773.9
48774.9
48776.9
48779.9
48782.9
48782.9
48785.9
48786.9
48794.9
48801.9
48802.9
48805.9
48806.9
48808.9
48812.9
48818.9
48818.9
48819.9
48825.9
48826.9
48826.9
48828.9
48834.9
48834.9
48836.9
48836.9
48841.9
48842.9
48844.9
48844.9
48846.9
48846.9
48846.9
48852.9
48858.9
48858.9
48862.9
48863.9
48864.9
48865.9
48865.9
48866.9
48866.9
48872.9
48878.9
48878.9
48879.9
48880.9
48882.9
48884.9
48886.9
48887.9
48890.9
48893.9
48894.9
48894.9
48896.9
48903.9
48906.9
48907.9
48907.9
48911.9
48912.9
48912.9
48913.9
48913.9
48914.9
48915.9
48917.9
48917.9
48917.9
48921.9
48921.9
48924.9
48927.9
48931.9
48932.9
48932.9
48933.9
48933.9
48935.9
48936.9
48937.9
48937.9
48938.9
48939.9
48939.9
48949.9
48950.9
48951.9
48953.9
48953.9
48955.9
48961.9
48963.9
48963.9
48963.9
48965.9
48965.9
48965.9
48974.9
48975.9
48975.9
48977.9
48977.9
48979.9
48979.9
48979.9
48979.9
48981.9
48985.9
48987.9
48989.9
48991.9
48993.9
48993.9
48996.9
48997.9
48999.9
48999.9
48999.9
49003.9
49005.9
49012.9
49021.9
49022.9
49026.9
49028.9
49028.9
49028.9
49028.9
49031.9
49031.9
49033.9
49034.9
49034.9
49038.9
49039.9
49039.9
49039.9
49041.9
49041.9
49042.9
49043.9
49043.9
49044.9
49044.9
49046.9
49046.9
49052.9
49052.9
49052.9
49054.9
49054.9
49060.9
49060.9
49061.9
49062.9
49062.9
49064.9
49064.9
49068.9
49068.9
49069.9
49070.9
49070.9
49072.9
49072.9
49076.9
49076.9
49078.9
49080.9
49082.9
49086.9
49086.9
49088.9
49090.9
49090.9
49092.9
49092.9
49094.9
49096.9
49098.9
49098.9
49100.9
49102.9
49102.9
49104.9
49106.9
49108.9
49110.9
49110.9
49113.9
49116.9
49116.9
49117.9
49128.9
49128.9
49130.9
49130.9
49130.9
49134.9
49138.9
49140.9
49142.9
49143.9
49144.9
49145.9
49149.9
49149.9
49150.9
49151.9
49153.9
49154.9
49155.9
49155.9
49155.9
49155.9
49157.9
49157.9
49159.9
49160.9
49161.9
49165.9
49165.9
49167.9
49167.9
49170.9
49173.9
49173.9
49173.9
49174.9
49175.9
49178.9
49179.9
49179.9
49183.9
49183.9
49183.9
49184.9
49189.9
49189.9
49189.9
49191.9
49195.9
49197.9
49201.9
49205.9
49209.9
49215.9
49215.9
49217.9
49219.9
49219.9
49219.9
49220.9
49223.9
49225.9
49227.9
49227.9
49227.9
49231.9
49231.9
49233.9
49235.9
49238.9
49239.9
49241.9
49245.9
49248.9
49250.9
49250.9
49252.9
49253.9
49253.9
49255.9
49257.9
49258.9
49262.9
49262.9
49265.9
49267.9
49268.9
49269.9
49269.9
49270.9
49271.9
49282.9
49287.9
49288.9
49288.9
49290.9
49293.9
49294.9
49294.9
49294.9
49295.9
49295.9
49295.9
49295.9
49296.9
49300.9
49300.9
49301.9
49302.9
49304.9
49304.9
49306.9
49306.9
49308.9
49308.9
49309.9
49310.9
49312.9
49312.9
49312.9
49313.9
49314.9
49316.9
49317.9
49322.9
49322.9
49323.9
49324.9
49325.9
49326.9
49328.9
49334.9
49338.9
49338.9
49339.9
49342.9
49342.9
49342.9
49342.9
49346.9
49349.9
49352.9
49356.9
49360.9
49362.9
49364.9
49364.9
49365.9
49366.9
49366.9
49368.9
49368.9
49368.9
49376.9
49376.9
49378.9
49379.9
49382.9
49383.9
49393.9
49397.9
49398.9
49401.9
49403.9
49403.9
49408.9
49409.9
49409.9
49413.9
49415.9
49417.9
49425.9
49431.9
49432.9
49433.9
49439.9
49441.9
49443.9
49443.9
49443.9
49443.9
49445.9
49445.9
49445.9
49449.9
49451.9
49451.9
49451.9
49467.9
49473.9
49477.9
49479.9
49482.9
49483.9
49484.9
49484.9
49489.9
49489.9
49490.9
49493.9
49495.9
49496.9
49497.9
49499.9
49500.9
49502.9
49512.9
49512.9
49514.9
49516.9
49519.9
49520.9
49523.9
49538.9
49540.9
49545.9
49546.9
49554.9
49556.9
49557.9
49560.9
49566.9
49568.9
49570.9
49578.9
49578.9
49580.9
49582.9
49586.9
49586.9
49589.9
49591.9
49598.9
49598.9
49600.9
49600.9
49606.9
49607.9
49607.9
49609.9
49616.9
49617.9
49618.9
49620.9
49624.9
49625.9
49628.9
49628.9
49635.9
49641.9
49645.9
49645.9
49648.9
49650.9
49654.9
49659.9
49661.9
49676.9
49677.9
49681.9
49695.9
49699.9
49705.9
49708.9
49711.9
49720.9
49723.9
49723.9
49724.9
49737.9
49737.9
49743.9
49743.9
49744.9
49745.9
49755.9
49759.9
49764.9
49777.9
49778.9
49778.9
49784.9
49786.9
49808.9
49814.9
49816.9
49820.9
49826.9
49826.9
49830.9
49847.9
49851.9
49860.9
49870.9
49882.9
49895.9
49900.9
49929.9
49943.9
50002.9
50020.9
50040.9
50048.9
50080.9
50088.9
50093.9
50106.9
50123.9
50129.9
50141.9
50199.9
50216.9
50225.9
50296.9
50364.9
50496.9
50625.9
50671.9
50711.9
50729.9
50750.9
50793.9
50957.9
51095.9
51095.9
51111.9
51117.9
51278.9
51423.9
51510.9
51564.9
51673.9
51692.9
52218.9
52583.9
52638.9
52651.9
52714.9
53006.9
53055.9
53174.9
53251.9
53311.9
53434.9
53557.9
53582.9
53590.9
53600.9
53621.9
53753.9
53946.9
53988.9
54009.9
54087.9
54114.9
54192.9
54376.9
54444.9
54607.9
54658.9
54767.9
54795.9
54971.9
55241.9
55580.9
56055.9
56167.9
57689.9
57828.9
58180.9
58477.9
58897.9
59474.9
59676.9
60884.9
60904.9
61093.9
61182.9
61287.9
61376.9
61416.9
61565.9
61789.9
61917.9
61948.9
62331.9
62628.9
62809.9
64323.9
64642.9
64890.9
66647.9
66817.9
66889.9
66938.9
67041.9
67047.9
67051.9
67178.9
67196.9
67268.9
67315.9
67361.9
67385.9
67498.9
67502.9
67535.9
67704.9
67726.9
67847.9
67865.9
67883.9
67891.9
68016.9
68365.9
68381.9
68460.9
68460.9
68499.9
68505.9
68591.9
68593.9
69160.9
69247.9
69289.9
69373.9
69432.9
70085.9
70386.9
72264.9
73248.9
74318.9
74476.9
74635.9
75015.9
75232.9
76616.9
78080.9
78330.9
79393.9
80513.9
85072.9
88364.9
89406.9
91119.9
91301.9
92550.9
93908.9
95209.9
95772.9
95804.9
97022.9
97563.9
100495.9
100814.9
101481.9
101776.9
102290.9
102384.9
102909.9
104014.9
104639.9
106763.9
109122.9
109175.9
115005.9
116988.9
117243.9
117271.9
117518.9
117519.9
117824.9
117913.9
117957.9
118387.9
118915.9
119742.9
121049.9
121315.9
122254.9
122436.9
123866.9
124488.9
125306.9
125381.9
126300.9
126663.9
126942.9
128169.9
128894.9
129313.9
129636.9
130860.9
131202.9
131247.9
132031.9
132436.9
133556.9
135924.9
137859.9
138095.9
139110.9
140263.9
151596.9
151732.9
152201.9
152385.9
152409.9
152482.9
152620.9
153079.9
153140.9
trimmed mean: 57346.584999999264
trimmed stddev: 20994.08153035695
trimmed mean (rounded): 57346.6
trimmed stddev (rounded): 20994.1
trimmed mean time (rounded): 19727.2
trimmed stddev time (rounded): 7222.0
