360217
204555
186792
196189
324526
219667
182734
639255
212847
195577
194887
256444
183121
181709
174211
170179
174659
155183
154283
154896
326648
161265
156272
154553
155077
153750
153178
152658
153359
152423
152239
155013
157179
154021
154464
152520
154703
152447
154069
155876
153961
151770
191761
155695
154227
154847
153715
154691
154344
155416
156881
154843
154610
370909
168726
157413
187610
155231
157296
155400
154404
214509
155307
155792
158518
156118
154327
159422
156061
157808
164552
155900
207394
156998
154723
153117
153315
153738
151634
157961
154630
182762
234611
203195
171449
324312
196432
185816
179951
192648
190543
195863
183028
181242
177003
177333
175487
181782
184795
180161
180569
182053
190902
183230
197507
106801
109213
115043
238838
102422
102328
100852
101814
101519
104052
119780
124526
117995
117862
121087
126338
125419
122474
121353
131285
132069
129351
130898
128207
132474
118953
117951
118425
117556
117281
117026
117309
128932
123904
117557
129674
131240
122292
126980
125344
126701
133594
135962
137897
138133
140301
139148
157167
95810
187191
78118
74673
89444
88402
79431
80551
70123
69327
68419
68498
68631
85110
69198
69285
68054
68498
67921
70424
66927
67929
67234
67536
66976
67885
69470
68403
67423
75270
73286
75053
74356
68537
68629
66855
67742
66685
67764
68543
67216
67903
67306
67353
67399
67573
67540
67085
67089
69411
74514
62369
60922
61827
61220
61454
61955
60942
61131
61414
93946
48553
48988
49187
49967
48265
49180
47835
48811
48864
48823
48449
48681
49142
48503
48731
48358
48692
48533
48850
48793
49193
48039
48952
47985
48944
48840
48193
48662
48362
49183
48517
48465
48706
48917
48965
48951
48884
50995
48916
48675
48269
72302
62847
49933
49333
48962
109160
58218
49257
49229
49102
49211
48664
49025
49077
48789
58515
61325
62666
64361
64680
51316
49666
49515
49079
49520
54026
49636
56205
49130
49528
49372
52621
49816
49168
49644
49077
48991
49155
204439
48931
49332
49031
49041
49077
48991
49188
49003
49066
49481
49604
49199
49269
49265
49483
55618
49816
49243
48950
49069
54414
61986
53628
53472
49339
49172
48817
48490
49037
49128
48751
48945
48910
48932
48721
49300
49420
49168
49360
97060
49288
49325
48638
48949
49066
49277
49439
49027
48572
49273
49191
51133
49719
48811
49015
49221
49858
48563
49076
48374
49144
49288
49154
49213
49333
49106
49390
49211
49346
95842
51730
50237
49645
48884
49451
48231
49082
49211
49081
49138
49618
49538
49688
48959
49592
49221
48934
49351
48975
50663
48791
49380
49286
48333
49578
49441
49406
49031
49128
49377
49253
49326
48708
49072
49404
49247
49098
49598
50086
49692
49447
49342
49483
49208
49148
49404
49090
49295
49227
48989
49293
48717
51711
50040
54152
49714
49517
49271
49822
49001
49120
48922
48904
48739
49217
48747
49257
49221
49402
48839
49181
49309
49307
48880
49384
49864
49362
49110
49333
49035
50167
49376
49697
49683
49469
48987
49354
53791
53638
54482
53659
50179
49447
49522
49124
49606
49854
49624
49436
49540
49743
49402
49505
49064
49414
49303
49239
49212
48525
64928
51602
49300
49015
49489
49118
48806
49037
49099
48684
48626
48820
48615
49050
48785
48857
48882
49347
52676
49376
48953
49265
49102
51548
48624
49017
48449
48604
48599
49758
49554
48190
49084
49108
49140
48725
48726
49079
48720
48729
48667
48955
48843
48726
48164
49136
49636
48554
48959
48448
49029
49066
48973
49306
49192
54645
49001
49265
48662
50126
49082
48955
91157
47815
48773
48253
48761
48508
48863
49100
48775
52689
49279
49193
51149
48844
48896
48975
48814
49116
48067
48974
47881
48477
48287
48263
48581
48634
49003
48777
48693
48438
48682
48739
48606
48420
49781
48166
48682
48037
49071
48746
48576
48691
48856
48882
48410
48896
48955
48559
53289
49332
48094
97601
48686
47918
54047
53212
54230
53044
52752
48879
49477
47959
48713
47686
49090
48084
48700
47352
48781
48148
48924
48059
49023
48180
48797
48084
48976
48120
49255
48037
48757
48134
48928
47984
49261
48396
48565
48122
48688
48170
48720
47845
48723
47892
48299
48123
48773
47707
49066
48215
49198
48198
48900
56093
48660
48763
48668
48586
49110
48682
48916
49017
48735
49257
48520
48820
48969
49140
48941
49013
49203
49080
48652
48932
48872
48903
48654
48581
48579
48759
48777
48672
49084
48874
48970
48743
48971
91339
49762
48425
48779
47745
49132
48700
48723
48484
48661
48781
47989
48667
48874
48529
48612
48651
48583
48685
48337
48509
55009
59512
49938
49326
48690
53093
49761
49352
48970
49348
49176
48999
49072
50058
48811
49258
47894
48615
49081
48977
49453
48410
48832
48767
48866
48424
49148
49291
48811
48602
49328
48801
48533
48977
53595
104677
78368
51133
49852
57727
59714
50263
49898
49435
49666
49620
49783
50534
49527
49019
49305
76654
49802
50144
55279
50118
49654
49824
49616
49364
49446
49608
49166
100533
48971
49037
49421
49561
49114
49638
49227
49431
49013
48950
49535
49334
48856
49146
49106
49001
61603
49846
49195
49216
49108
49658
49124
49166
49338
48920
49136
48781
48824
48872
51461
49793
49470
49479
49168
49154
49178
49090
49233
48904
49069
49276
57866
50749
48628
49624
49380
49782
48864
49552
48457
49003
48504
48901
48388
49686
48422
49406
48247
49403
48700
49387
48556
49489
48330
49092
48438
49487
48664
49394
48715
49455
48498
95247
49889
49550
48699
49340
49583
49481
49350
49531
49253
49059
49130
48791
49308
49034
50788
49017
50831
49134
49195
48666
49584
49331
49363
53620
49920
49107
49227
49320
49205
49481
54833
50078
102947
50254
50334
54696
50131
49647
49797
49205
49344
49441
49746
49645
49187
49333
49683
49344
92588
49332
49380
49481
49463
49182
49017
49627
49092
48925
49151
49521
49290
49283
49558
49629
49217
49656
58935
48604
48945
52256
48890
48903
49012
48846
48737
48559
48066
54125
49511
49043
49533
50402
49522
49342
49197
49534
49406
49471
49100
49235
49222
48884
49296
49193
48689
48725
49114
48763
48642
48918
49400
48812
48951
48693
49307
48993
48761
48902
67079
50709
49715
49885
49699
49737
49908
49749
49193
49733
49638
49483
49662
49655
49361
49673
49781
49679
49864
49346
51155
49576
49350
49595
53984
49868
49981
49775
49775
49537
49557
49360
49616
49269
49350
50767
49366
49663
49594
49189
49126
49060
49527
49417
49761
49398
49263
49380
49489
49416
50161
49815
49098
49550
49414
49338
49203
49355
49291
53349
54805
