202329638
152946726
186305216
211417650
124593575
155595933
127060297
127431432
123121957
124638704
183234059
133490467
140413716
180062653
144496893
166704507
152371739
256494376
130063658
175894348
164341135
178802821
181452192
128314002
142910583
154984814
147085232
118988972
216363613
142068250
123095110
132625987
123014392
126632542
164119270
125502982
174690084
422350952
230406962
124339761
120925895
123908469
171379145
187885771
142113786
117112931
147119984
130814443
165759800
154116035
201200422
144367931
134988677
171533790
149602525
147146362
274977110
172437818
277165346
132573061
149963443
169624798
133051870
212695768
280245277
123732716
188335169
189729544
151703053
145379536
149455933
157496391
147162657
128310348
173886354
133547990
129618160
322811733
213892850
148657317
267198221
132107792
205967055
262510589
900244965
198353929
132850679
373348062
223434381
244468468
304190969
174154467
121878960
128938366
144613795
411673367
209308583
128673215
183964609
163341429
118063725
120953669
136718327
124306655
181002395
182126115
246515365
165873398
158282101
159454470
145203114
187522178
174035510
148744756
125530546
163167504
245632984
169845211
143351738
256192283
164994240
167542371
151602933
151001490
164584716
147838268
156699372
130836683
327005328
240668879
210912430
130824482
133961177
123328113
155102640
145755878
820028805
161036798
173414175
263575099
333680192
1050495408
183601944
137072236
349274966
120687497
126889013
161325448
184452650
265084130
144311041
152154454
131088468
136775181
130074314
162889619
243809732
142888823
124321740
124418807
122470359
120606415
138229267
125253763
167130979
140516098
165862867
190760433
141006353
124993452
145698254
171505843
135472459
135729024
178844163
253871608
196807771
137888264
137805980
152093591
142991105
138146003
156180165
156178338
148789187
130231260
147418148
125222089
139576497
162705570
135643472
176812218
160995667
133710328
132017417
173363779
140783601
191999420
128320149
119621850
164754693
163515254
127463057
125161416
143169669
131492572
225575573
262526622
169531567
133035394
134556756
155750736
136175135
121327240
119970939
148630350
118923495
135189799
146055301
128671658
156950366
155446832
137481865
144184387
124161864
140391589
133579826
172332254
151909067
139745562
167280620
147709709
158968215
124211929
118219880
119431473
128231557
119926399
132576989
120497197
146905374
156272944
153501987
126248775
128577319
134784933
135041461
124894147
125231314
138830382
127356215
140223157
164455266
155988360
342512167
128935947
125813711
273290487
202081519
125901226
175993048
137408701
276144135
135026825
130619649
176373980
270034381
153672315
180156093
151143733
141532503
172671732
156741271
135782469
277423976
188880480
174319360
137425750
137778920
224515484
1782447156
217298048
256357356
246320684
175644875
144851702
211850515
237073808
212276790
170225325
133200039
125080535
144651535
171449639
146801479
129982677
270983646
149765007
193925841
122063316
166159007
122657244
276064057
250334763
175781370
345557261
141528622
156209019
263492286
153844324
163944800
194337237
133735508
274986730
145372574
162691078
278840999
142633146
167435863
139556565
380009285
973049629
277244279
125917291
310409435
156036357
305553726
160469203
147437354
122183969
359157133
294664391
133303623
149029586
240667698
427169168
163714722
218455631
133437638
231327643
155123875
122493692
192834405
160531611
158330299
191771089
127439184
197333423
191562997
127756506
130266829
119082263
135574224
118259903
165504688
218802272
131276006
166815234
128857199
207807868
150045950
125443640
129416958
170959307
177347469
144707304
200686828
129909948
235064607
116724344
136541022
156890818
167317840
166144664
146247166
279122917
205183923
273317091
135492166
179155568
145164745
177542775
156171224
124593172
128685960
136119079
207974074
123894005
130059319
185677832
197164805
131639510
178395547
176366728
165497560
152256043
164732502
178415476
214724862
183175096
130027810
339081458
141073206
129014008
195203726
193454090
207880666
131843391
124763487
193827593
122916607
293940282
170390881
193062708
158881567
136253159
134516789
166239093
143603329
166144919
204890676
128861656
164613760
186038463
124382636
123119928
141132758
206485391
171500463
140252019
134160751
889752245
171311453
135454377
154799503
137562851
152819374
179812505
344915917
271220955
137908306
143262617
129686812
131852462
150307318
211107224
221995119
173761643
129519344
274192300
175145927
144499652
158400753
131836925
134643431
168710530
263994178
159255339
190609606
141577139
172082570
181725144
131382942
278149904
184872238
163601079
302105226
166113096
134639281
385796831
165492595
401143088
141682437
187989399
124111624
170339622
130356164
135730770
182139046
119803742
161637588
118737595
190467902
121719011
128207873
170879701
234123437
118210219
138824937
239996075
158782609
251429969
139090867
213350979
142941556
128177293
151399677
390500021
239068694
127940112
229406530
174732554
344619951
292552569
238570953
244194642
193358782
237386564
143280020
251313148
139794156
321281471
230983353
339140587
200775005
136239765
235179024
201797213
150522386
203950558
215279082
206193853
154472799
216365105
213804346
909742311
463164881
140739589
153570889
184728772
154775516
253111342
243509575
132006858
135887440
221367189
122160725
125039645
151789318
135053638
171660853
142370738
306061305
275354768
135330821
203062821
151317599
150821233
143485406
130178705
154364597
122271835
124170535
141309938
157704152
200783601
139553882
256934574
476148866
193891735
141430725
122704507
124854044
147443727
157257666
177158726
363990264
143764891
159965343
134808903
241613728
254581217
210008398
387511462
292104293
203114456
180372227
170396415
208600765
151195453
176198155
137779090
125833675
1047616794
417246087
195191416
124873726
130469980
169970938
145678285
199759335
195855706
268631563
121663064
173524265
174491729
133237138
160556820
132399180
213524557
186285158
144115687
153042031
260911396
130716631
165755658
133793677
136218525
219441579
135280799
202479275
178378095
286424069
259320404
250161196
144759124
135655157
905655218
184022564
280399173
139647246
175894264
235196739
261370478
159831413
133494968
139291401
151309512
130272129
228912374
1197208061
357992915
293989013
695783723
131485081
130415329
184565942
130194588
137115361
282205743
148902273
248589519
260377690
127729242
138198787
142723021
244660903
173177894
134064773
190697404
132837414
140152304
166030771
150607437
133211683
141342794
165963451
134604574
186112028
175122638
298985853
199931894
129052110
129330871
205086215
134046328
219900883
206615619
202180780
208528859
202072892
142806991
244920981
180439262
168080293
153603531
277642365
206180293
198098554
129624533
144931586
203488592
129893629
141760518
242925238
176078764
143011566
129500685
163518585
162235590
860619547
156740545
205194652
336059346
138695157
159627270
207373414
144180373
146904721
126670520
138280728
116724126
143286091
169204085
132668086
152190880
156954238
142992492
133508157
237621744
127507506
158585867
140353353
129309957
170721320
132727578
176444386
141221225
156123985
133982723
128857490
156630765
178218000
273960464
135464582
131073855
272567000
149181307
132047808
166198243
132229441
175791656
129799269
315841936
135237953
161613896
215861447
123856552
134248213
213434094
124684813
221052928
201727756
156995149
128642416
162948825
139017085
144926822
173473900
141412518
248753990
285625861
151934981
148693532
232736047
226847480
200203680
687405638
117697233
184900512
279552899
179855299
344759480
152198854
130888237
138745473
121571774
137437104
325058832
180851799
227933346
208090484
163443154
159565979
176830324
126349862
212725587
162013462
160922316
166880945
131734676
226266087
232774298
275951144
257265630
172155606
250562290
170056582
218069084
254385246
184980823
272970373
991118720
669020479
395063455
153543842
195487826
400311605
221341033
133180772
227246228
213204178
239123802
661440390
212150489
599941256
597147926
182080586
193476826
209777612
227284895
253797790
133491984
175162205
175814779
176577934
125787579
174338655
124939195
127674195
159563184
175198699
273733145
149513375
139940126
146974622
129854728
162034504
133795435
159207758
153262258
119534585
151275160
189577149
262954441
144286837
149941184
188459456
139256593
141346384
122470795
134312170
139309438
133787679
151131041
249719377
250327474
128809634
160660129
235835663
358143225
139345347
296024084
174772356
273757834
140577679
133227647
140939703
138463668
159667312
152133813
306837471
167439792
174310160
176348401
538225843
196141573
158301097
172825106
226534059
135823589
165059730
143903864
154336774
130001029
159905638
133762576
868828513
154708430
167908171
143354915
155701542
265651705
1076733096
309270305
170525074
260942708
1243543826
128755051
429443988
164891355
137186578
138474530
195079254
264150397
138085418
139130616
130734898
117721775
397342111
121459985
148687123
263928818
130957513
205298304
1760325174
302994080
134041501
160411350
141530026
237677924
222446073
145007126
159260309
257383980
150467715
182882619
227278527
137329531
250122674
160519128
993509207
248810937
193759578
188766405
198096917
130394114
219383172
304882603
160375816
138042705
167294443
166516421
131916407
376487466
163631620
163555256
164158558
157984021
281815885
151926563
143186757
138824328
156701445
172149903
125207109
146828894
1448992609
144006754
739868765
578452681
207325469
178670084
123205311
163416592
183450101
166305759
126100243
130450403
146218776
131301770
126130085
154082687
148376492
127939556
177137728
142937631
173301028
136671036
301852791
171589834
261659915
137413453
321912656
531162291
195877309
256663122
205845527
172314737
157880163
119630485
286216163
168107252
273595049
145375466
211218632
951924242
295457784
278477918
193936501
170908673
138353913
152004035
169335644
245849857
215051541
143112310
187089672
229873344
128932526
