127756468.9
127939518.9
127940074.9
128177255.9
128207835.9
128231519.9
128310310.9
128313964.9
128320111.9
128577281.9
128642378.9
128671620.9
128673177.9
128685922.9
128755013.9
128809596.9
128857161.9
128857452.9
128861618.9
128932488.9
128935909.9
128938328.9
129013970.9
129052072.9
129309919.9
129330833.9
129416920.9
129500647.9
129519306.9
129618122.9
129624495.9
129686774.9
129799231.9
129854690.9
129893591.9
129909910.9
129982639.9
130000991.9
130027772.9
130059281.9
130063620.9
130074276.9
130178667.9
130194550.9
130231222.9
130266791.9
130272091.9
130356126.9
130394076.9
130415291.9
130450365.9
130469942.9
130619611.9
130716593.9
130734860.9
130814405.9
130824444.9
130836645.9
130888199.9
130957475.9
131073817.9
131088430.9
131275968.9
131301732.9
131382904.9
131485043.9
131492534.9
131639472.9
131734638.9
131836887.9
131843353.9
131852424.9
131916369.9
132006820.9
132017379.9
132047770.9
132107754.9
132229403.9
132399142.9
132573023.9
132576951.9
132625949.9
132668048.9
132727540.9
132837376.9
132850641.9
133035356.9
133051832.9
133180734.9
133200001.9
133211645.9
133227609.9
133237100.9
133303585.9
133437600.9
133490429.9
133491946.9
133494930.9
133508119.9
133547952.9
133579788.9
133710290.9
133735470.9
133762538.9
133787641.9
133793639.9
133795397.9
133961139.9
133982685.9
134041463.9
134046290.9
134064735.9
134160713.9
134248175.9
134312132.9
134516751.9
134556718.9
134604536.9
134639243.9
134643393.9
134784895.9
134808865.9
134988639.9
135026787.9
135041423.9
135053600.9
135189761.9
135237915.9
135280761.9
135330783.9
135454339.9
135464544.9
135472421.9
135492128.9
135574186.9
135643434.9
135655119.9
135728986.9
135730732.9
135782431.9
135823551.9
135887402.9
136119041.9
136175097.9
136218487.9
136239727.9
136253121.9
136540984.9
136670998.9
136718289.9
136775143.9
137072198.9
137115323.9
137186540.9
137329493.9
137408663.9
137413415.9
137425712.9
137437066.9
137481827.9
137562813.9
137778882.9
137779052.9
137805942.9
137888226.9
137908268.9
138042667.9
138085380.9
138145965.9
138198749.9
138229229.9
138280690.9
138353875.9
138463630.9
138474492.9
138695119.9
138745435.9
138824290.9
138824899.9
138830344.9
139017047.9
139090829.9
139130578.9
139256555.9
139291363.9
139309400.9
139345309.9
139553844.9
139556527.9
139576459.9
139647208.9
139745524.9
139794118.9
139940088.9
140152266.9
140223119.9
140251981.9
140353315.9
140391551.9
140413678.9
140516060.9
140577641.9
140739551.9
140783563.9
140939665.9
141006315.9
141073168.9
141132720.9
141221187.9
141309900.9
141342756.9
141346346.9
141412480.9
141430687.9
141528584.9
141529988.9
141532465.9
141577101.9
141682399.9
141760480.9
142068212.9
142113748.9
142370700.9
142633108.9
142722983.9
142806953.9
142888785.9
142910545.9
142937593.9
142941518.9
142991067.9
142992454.9
143011528.9
143112272.9
143169631.9
143186719.9
143262579.9
143279982.9
143286053.9
143351700.9
143354877.9
143485368.9
143603291.9
143764853.9
143903826.9
144006716.9
144115649.9
144180335.9
144184349.9
144286799.9
144311003.9
144367893.9
144496855.9
144499614.9
144613757.9
144651497.9
144707266.9
144759086.9
144851664.9
144926784.9
144931548.9
145007088.9
145164707.9
145203076.9
145372536.9
145375428.9
145379498.9
145678247.9
145698216.9
145755840.9
146055263.9
146218738.9
146247128.9
146801441.9
146828856.9
146904683.9
146905336.9
146974584.9
147085194.9
147119946.9
147146324.9
147162619.9
147418110.9
147437316.9
147443689.9
147709671.9
147838230.9
148376454.9
148630312.9
148657279.9
148687085.9
148693494.9
148744718.9
148789149.9
148902235.9
149029548.9
149181269.9
149455895.9
149513337.9
149602487.9
149764969.9
149941146.9
149963405.9
150045912.9
150307280.9
150467677.9
150522348.9
150607399.9
150821195.9
151001452.9
151131003.9
151143695.9
151195415.9
151275122.9
151309474.9
151317561.9
151399639.9
151602895.9
151703015.9
151789280.9
151909029.9
151926525.9
151934943.9
152003997.9
152093553.9
152133775.9
152154416.9
152190842.9
152198816.9
152256005.9
152371701.9
152819336.9
152946688.9
153041993.9
153262220.9
153501949.9
153543804.9
153570851.9
153603493.9
153672277.9
153844286.9
154082649.9
154115997.9
154336736.9
154364559.9
154472761.9
154708392.9
154775478.9
154799465.9
154984776.9
155102602.9
155123837.9
155446794.9
155595895.9
155701504.9
155750698.9
155988322.9
156036319.9
156123947.9
156171186.9
156178300.9
156180127.9
156208981.9
156272906.9
156630727.9
156699334.9
156701407.9
156740507.9
156741233.9
156890780.9
156950328.9
156954200.9
156995111.9
157257628.9
157496353.9
157704114.9
157880125.9
157983983.9
158282063.9
158301059.9
158330261.9
158400715.9
158585829.9
158782571.9
158881529.9
158968177.9
159207720.9
159255301.9
159260271.9
159454432.9
159563146.9
159565941.9
159627232.9
159667274.9
159831375.9
159905600.9
159965305.9
160375778.9
160411312.9
160469165.9
160519090.9
160531573.9
160556782.9
160660091.9
160922278.9
160995629.9
161036760.9
161325410.9
161613858.9
161637550.9
162013424.9
162034466.9
162235552.9
162691040.9
162705532.9
162889581.9
162948787.9
163167466.9
163341391.9
163416554.9
163443116.9
163515216.9
163518547.9
163555218.9
163601041.9
163631582.9
163714684.9
163944762.9
164119232.9
164158520.9
164341097.9
164455228.9
164584678.9
164613722.9
164732464.9
164754655.9
164891317.9
164994202.9
165059692.9
165492557.9
165497522.9
165504650.9
165755620.9
165759762.9
165862829.9
165873360.9
165963413.9
166030733.9
166113058.9
166144626.9
166144881.9
166158969.9
166198205.9
166239055.9
166305721.9
166516383.9
166704469.9
166815196.9
166880907.9
167130941.9
167280582.9
167294405.9
167317802.9
167435825.9
167439754.9
167542333.9
167908133.9
168080255.9
168107214.9
168710492.9
169204047.9
169335606.9
169531529.9
169624760.9
169845173.9
169970900.9
170056544.9
170225287.9
170339584.9
170390843.9
170396377.9
170525036.9
170721282.9
170879663.9
170908635.9
170959269.9
171311415.9
171379107.9
171449601.9
171500425.9
171505805.9
171533752.9
171589796.9
171660815.9
172082532.9
172149865.9
172155568.9
172314699.9
172332216.9
172437780.9
172671694.9
172825068.9
173177856.9
173300990.9
173363741.9
173414137.9
173473862.9
173524227.9
173761605.9
173886316.9
174035472.9
174154429.9
174310122.9
174319322.9
174338617.9
174491691.9
174690046.9
174732516.9
174772318.9
175122600.9
175145889.9
175162167.9
175198661.9
175644837.9
175781332.9
175791618.9
175814741.9
175894226.9
175894310.9
175993010.9
176078726.9
176198117.9
176348363.9
176366690.9
176373942.9
176444348.9
176577896.9
176812180.9
176830286.9
177137690.9
177158688.9
177347431.9
177542737.9
178217962.9
178378057.9
178395509.9
178415438.9
178670046.9
178802783.9
178844125.9
179155530.9
179812467.9
179855261.9
180062615.9
180156055.9
180372189.9
180439224.9
180851761.9
181002357.9
181452154.9
181725106.9
182080548.9
182126077.9
182139008.9
182882581.9
183175058.9
183234021.9
183450063.9
183601906.9
183964571.9
184022526.9
184452612.9
184565904.9
184728734.9
184872200.9
184900474.9
184980785.9
185677794.9
186038425.9
186111990.9
186285120.9
186305178.9
187089634.9
187522140.9
187885733.9
187989361.9
188335131.9
188459418.9
188766367.9
188880442.9
189577111.9
189729506.9
190467864.9
190609568.9
190697366.9
190760395.9
191562959.9
191771051.9
191999382.9
192834367.9
193062670.9
193358744.9
193454052.9
193476788.9
193759540.9
193827555.9
193891697.9
193925803.9
193936463.9
194337199.9
195079216.9
195191378.9
195203688.9
195487788.9
195855668.9
195877271.9
196141535.9
196807733.9
197164767.9
197333385.9
198096879.9
198098516.9
198353891.9
199759297.9
199931856.9
200203642.9
200686790.9
200774967.9
200783563.9
201200384.9
201727718.9
201797175.9
202072854.9
202081481.9
202180742.9
202329600.9
202479237.9
203062783.9
203114418.9
203488554.9
203950520.9
204890638.9
205086177.9
205183885.9
205194614.9
205298266.9
205845489.9
205967017.9
206180255.9
206193815.9
206485353.9
206615581.9
207325431.9
207373376.9
207807830.9
207880628.9
207974036.9
208090446.9
208528821.9
208600727.9
209308545.9
209777574.9
210008360.9
210912392.9
211107186.9
211218594.9
211417612.9
211850477.9
212150451.9
212276752.9
212695730.9
212725549.9
213204140.9
213350941.9
213434056.9
213524519.9
213804308.9
213892812.9
214724824.9
215051503.9
215279044.9
215861409.9
216363575.9
216365067.9
217298010.9
218069046.9
218455593.9
218802234.9
219383134.9
219441541.9
219900845.9
221052890.9
221340995.9
221367151.9
221995081.9
222446035.9
223434343.9
224515446.9
225575535.9
226266049.9
226534021.9
226847442.9
227246190.9
227278489.9
227284857.9
227933308.9
228912336.9
229406492.9
229873306.9
230406924.9
230983315.9
231327605.9
232736009.9
232774260.9
234123399.9
235064569.9
235178986.9
235196701.9
235835625.9
237073770.9
237386526.9
237621706.9
237677886.9
238570915.9
239068656.9
239123764.9
239996037.9
240667660.9
240668841.9
241613690.9
242925200.9
243509537.9
243809694.9
244194604.9
244468430.9
244660865.9
244920943.9
245632946.9
245849819.9
246320646.9
246515327.9
248589481.9
248753952.9
248810899.9
249719339.9
250122636.9
250161158.9
250327436.9
250334725.9
250562252.9
251313110.9
251429931.9
253111304.9
253797752.9
253871570.9
254385208.9
254581179.9
256192245.9
256357318.9
256494338.9
256663084.9
256934536.9
257265592.9
257383942.9
259320366.9
260377652.9
260911358.9
260942670.9
261370440.9
261659877.9
262510551.9
262526584.9
262954403.9
263492248.9
263575061.9
263928780.9
263994140.9
264150359.9
265084092.9
265651667.9
267198183.9
268631525.9
270034343.9
270983608.9
271220917.9
272566962.9
272970335.9
273290449.9
273317053.9
273595011.9
273733107.9
273757796.9
273960426.9
274192262.9
274977072.9
274986692.9
275354730.9
275951106.9
276064019.9
276144097.9
trimmed mean: 171627051.22374812
trimmed stddev: 38836245.64739488
trimmed mean (rounded): 171627051.2
trimmed stddev (rounded): 38836245.6
trimmed mean time (rounded): 59039705.6
trimmed stddev time (rounded): 13359668.5
