9704154
9940723
11014882
10545075
9769245
10503397
10864814
10661185
10426713
9250456
8739869
8655747
8609056
8581994
8603399
8602144
8566552
8561932
8616930
8621789
8593588
8581855
8606496
8586297
8584722
8611798
8610142
8619772
8755697
8599391
8623086
8613227
8598347
8615981
8587205
8618683
8602243
8619771
8625231
8611970
8615751
8620207
8610211
8606025
8554323
8605092
8587467
8624767
8610118
8597986
8628174
8613133
8571972
8621434
8593543
8572007
8563950
8617960
8556277
8587237
8596792
8568615
8601709
8610995
8622085
8619895
8575885
8572935
8602762
8615928
8622045
8608763
8585880
8623914
8622669
8617172
8613930
8622035
8607591
8623788
8613542
8605663
8612054
8619960
8613913
8594888
8559314
8596381
8579091
8617192
8603467
8627663
8602835
8589363
8598733
8616697
8610142
8567280
8608940
8618663
8624890
8520635
8615522
8594990
8532969
8618598
8610241
8563240
8600775
8610899
8620483
8612011
8557874
8594962
8585674
8577288
8607268
8591736
8578170
8615317
8604395
8579743
8602934
8614539
8591419
8586203
8613434
8610594
8612268
8540716
8619258
8566963
8549563
8585483
8585765
8572693
8531583
8557971
8619994
8603917
8598855
8556366
8614320
8614462
8568543
8604608
8619151
8611898
8579598
8572495
8527160
8539337
8596556
8600357
8616823
8547261
8611463
8591712
8617265
8610961
8622494
8621482
8619223
8610777
8602483
8624007
8583407
8612903
8624017
8604135
8578973
8413035
8168095
8534297
8581671
8574818
8690010
8556784
8542636
8626030
8623765
8537014
8563299
8595883
8618418
8612246
8588511
8617396
8609214
8615575
8605379
8569557
8622208
8621397
8576145
8610118
8605647
8290948
8139220
8598769
