2.7579339000000003
2.7592769000000006
2.7618949
2.7632029000000005
2.7632619000000003
2.7639129000000002
2.7665149
2.7669259000000004
2.7672429000000003
2.7685059000000005
2.7685779000000004
2.7695199000000006
2.7719349
2.7719699
2.7724579000000005
2.7726559
2.7728979000000002
2.7747809000000005
2.7758479000000005
2.7761079000000004
2.7772509000000003
2.7781329000000006
2.7789359000000005
2.7790539000000005
2.7795609000000003
2.7797059
2.7816339000000005
2.7818179000000005
2.7819569000000004
2.7833699000000003
2.7846849000000002
2.7854459000000005
2.7856369000000005
2.7857279000000004
2.7858429000000005
2.7861659000000003
2.7862599000000006
2.7871679000000005
2.7871999000000005
2.7874299000000002
2.7884739000000005
2.7893259000000006
2.7913819
2.7916749000000003
2.7916989000000005
2.7935059000000004
2.7935509000000005
2.7948509000000006
2.7949249000000003
2.7949529
2.7958459
2.7963439000000005
2.7965189000000006
2.7967549000000003
2.7979489
2.7983099000000005
2.7986959000000002
2.7987319000000004
2.7988179000000004
2.7993539000000003
2.8003199000000003
2.8007379000000006
2.8016719000000005
2.8021069000000005
2.8022059000000006
2.8024459000000004
2.8027249000000003
2.8027979000000003
2.8028969000000004
2.8033619000000005
2.8034299000000003
2.8038799000000005
2.8040979000000004
2.8043579000000003
2.8045709000000003
2.8050549000000005
2.8053419
2.8056099000000003
2.8056259000000003
2.8059879000000003
2.8064589000000004
2.8072309000000004
2.8075539000000003
2.8087259
2.8089029000000005
2.8090189000000003
2.8091769
2.8100809000000004
2.8100809000000004
2.8101049000000002
2.8101049000000002
2.8101739000000006
2.8102039000000003
2.8105569000000004
2.8107399
2.8108619000000004
2.8109239000000006
2.8109579000000005
2.8114259000000006
2.8117609000000003
2.8118609000000006
2.8119329000000004
2.8119739000000004
2.8120169
2.8122089000000003
2.8122309000000003
2.8128659000000003
2.8130959000000004
2.8131899000000002
2.8133969000000003
2.8135049000000003
2.8138759
2.8138929000000004
2.8142829000000003
2.8144249000000006
2.8145019000000002
2.8152799
2.8154849000000004
2.8155379000000003
2.8157139000000004
2.8158909000000003
2.8159439
2.8166599000000003
2.8167859
2.8168929000000005
2.8171349000000006
2.8171549000000002
2.8172279000000002
2.8173589000000003
2.8179229000000006
2.8183809
2.8185609000000005
2.8186259000000002
2.8186459000000004
2.8191139000000005
2.8191859000000004
2.8192209000000004
2.8197339000000006
2.8197349000000003
2.8198579000000006
2.8199229000000003
2.8199569
2.8201699000000002
2.8204459
2.8213599000000005
2.8213969000000003
2.8214449000000004
2.8217519
2.8219979000000004
2.8220079000000005
2.8220479000000003
2.8221709000000006
2.8224569
2.8226319
2.8230489000000003
2.8237279
2.8237509000000003
2.8238769000000006
2.8239699000000003
2.8239799000000003
trimmed mean: 2.8016735249999996
trimmed stddev: 0.017515659893274776
trimmed mean (rounded): 2.8
trimmed stddev (rounded): 0.0
