2.2867639000000004
2.2870539000000005
2.2870629000000005
2.2872459000000003
2.2878229000000005
2.2880019000000003
2.2891199
2.2897229000000006
2.2900839000000004
2.2903679000000006
2.2906319
2.2911339
2.2912169000000002
2.2913019000000006
2.2913439
2.2913579000000004
2.2914179000000003
2.2918169
2.2919369000000005
2.2923489000000004
2.2927679000000003
2.2927819000000005
2.2931409000000005
2.2934229000000004
2.2935439000000004
2.2938609000000003
2.2940079000000004
2.2944689000000005
2.2945299000000006
2.2946469000000005
2.2949029000000003
2.2949519000000005
2.2954279000000004
2.2958799000000005
2.2963999000000004
2.2965979000000005
2.2966199000000005
2.2969729000000005
2.2971049000000003
2.2972249000000002
2.2977189000000005
2.2978639000000003
2.2980189
2.2981579000000005
2.2983239
2.2986679000000003
2.2986989
2.2988699000000006
2.2988959
2.2989649000000005
2.2991259000000004
2.2991479000000004
2.2994369000000003
2.2995209000000005
2.2997049000000005
2.2998239000000003
2.3001349
2.3002979000000003
2.3003439000000006
2.3004099000000005
2.3008119000000002
2.3008259000000004
2.3012099000000004
2.3012479000000003
2.3015329
2.3019239000000002
2.3019629000000004
2.3023049
2.3024589000000004
2.3025579000000005
2.3028549000000003
2.3029179
2.3029959000000004
2.3034239000000003
2.3035849
2.3037299000000004
2.3039359000000004
2.3039759
2.3042909000000003
2.3048249000000003
2.3057199
2.3057649000000002
2.3058249
2.3063399
2.3077839000000004
2.3078909000000003
2.3079859000000003
2.3081079000000004
2.3081649000000004
2.3083929000000003
2.3087799
2.3089689000000004
2.3092539000000003
2.3096429000000005
2.3098329000000004
2.3099429000000002
2.3103569000000004
2.3106279000000005
2.3107589
2.3109279000000003
2.3114939000000003
2.3120609000000005
2.3123129000000002
2.3131789000000005
2.3136739000000004
2.3141379000000004
2.3143909000000003
2.3155459000000005
2.3164779
2.3172559000000006
2.3173069
2.3174529000000006
2.3177959000000006
2.3192809000000003
2.3197869000000004
2.3209889000000006
2.3221179000000003
2.3231039000000004
2.3235359000000004
2.3241539
2.3244539000000004
2.3246039000000005
2.3248409000000003
2.3250139000000005
2.3253589000000003
2.3255039
2.3255439000000004
2.3258059
2.3259379000000004
2.3268409000000005
2.3273819000000002
2.3293849000000004
2.3295819000000004
2.3298199000000004
2.3299509000000005
2.3303189000000004
2.3305599000000004
2.3309409000000003
2.3337159000000005
2.3358019000000003
2.3373779000000003
2.3400079000000003
2.3417799000000006
2.3418449000000003
2.3422299000000004
2.3433599000000003
2.3440409000000004
2.3465539000000004
2.3469739000000005
2.3484899000000006
2.3531079000000004
2.3550399000000004
2.3595839000000005
2.3621489
2.3636879000000004
2.3658759000000003
2.3691489000000003
2.3732459000000006
2.3733269000000004
2.3746489000000004
trimmed mean: 2.3118341562500015
trimmed stddev: 0.02027851840533687
trimmed mean (rounded): 2.3
trimmed stddev (rounded): 0.0
