29464567
9050399
8596080
8130597
8086361
8206125
8401871
8125843
8124491
8106377
8090669
8183275
8137415
8165913
8100335
8117293
8119824
8087860
8103622
8103767
8089157
8105757
8125581
8101285
8105862
8124191
8347938
8090121
8162186
8093581
8088039
8142267
8092819
8099185
8095917
8416347
8112098
8085613
8125541
8341559
8495584
8117490
8109680
8127419
8085577
8125396
8100849
8085615
8104013
8174686
8110394
8094940
8094506
8124641
8085551
8091254
8366567
8086801
8097142
8284255
8159621
8085581
8126878
8125975
8093178
8115583
8617731
8085619
8112350
8107928
8099002
8085619
8130978
8093460
8087091
8153145
8101570
8085704
8091395
8098056
8146591
8098933
8094045
8141817
8091381
8117344
8173364
8090405
8110965
8104862
8101247
8094684
8684023
8117833
8085700
8116515
8100172
8109980
8123573
8105802
8148527
8085617
8098736
8155077
9083006
8129857
8099742
8129619
8169186
8202219
8119318
8087100
8370992
8097901
8085595
8121026
8103973
8093898
8085550
8124878
8163725
8085621
8133753
8096437
8085595
8123141
8129422
8094567
8098705
8135839
8099558
8111531
8091339
8113711
8092805
8099861
8102892
8095465
8108145
8114428
8141882
8101961
8109006
8110665
8086196
8099474
8097010
8100447
8097756
8108430
8102595
8085581
8780952
8100863
8102955
8143397
8091171
8091854
8092386
8104328
8204898
8086303
8097262
8102496
8085613
8091455
8091974
8114175
8102342
8140045
8103461
8109291
8103033
8144078
8087283
8102000
8173283
9238090
8110796
8125051
8107821
8089760
8147011
8129988
8094989
8098361
8098907
8109870
8108817
8108023
8122155
8108202
8130356
8100381
8099163
8098195
8096635
8096657
8085722
8113216
