2.4991718579999995
2.4993356279999994
2.4993767679999994
2.4993901379999994
2.4994372679999994
2.4997649179999994
2.4998361279999997
2.4999671479999996
2.4999690879999994
2.5001851079999997
2.5003078479999994
2.5003901079999995
2.5004411579999997
2.5005488879999995
2.5006497879999996
2.5007180379999996
2.5012367779999995
2.5013619279999997
2.5018633579999996
2.5021181779999995
2.5022609679999994
2.5032718579999997
2.5033092579999994
2.5044933679999994
2.5050092179999996
2.5054350379999994
2.5064072879999997
2.5068599779999996
2.5072816179999995
2.5086151879999994
2.5088891779999996
2.5098171879999995
2.5102300879999997
2.5105374079999994
2.5108140679999997
2.5108431279999994
2.5108705179999995
2.5113289479999996
2.5117846079999997
2.5118626779999995
2.5119260779999997
2.5121549379999997
2.5122559879999997
2.5128133979999996
2.5133030179999993
2.5133235679999997
2.5133477979999994
2.5134622779999996
2.5135501779999996
2.5139176879999994
2.5143574179999995
2.5144671179999993
2.5145338579999996
2.5150642979999995
2.5160171179999997
2.5179715479999993
2.5185758379999994
2.5210145779999995
2.5210354879999994
2.5211057079999994
2.5223933879999993
2.5224288979999994
2.5233363179999997
2.5236199679999993
2.5255224479999994
2.5258947479999994
2.5269568679999996
2.5271327579999996
2.5272278879999996
2.5274123679999994
2.5283345779999995
2.5304406979999996
2.5308679479999996
2.5318417579999997
2.5334115279999994
2.5345529579999995
2.5350732179999995
2.5367290479999993
2.5372561179999997
2.5400056079999995
trimmed mean: 2.5132578590000003
trimmed stddev: 0.0112829013527414
trimmed mean (rounded): 2.5
trimmed stddev (rounded): 0.0
