814137089
810186373
810543541
811023046
812722826
810861556
816081672
810065016
812103586
809939051
811330339
809858872
809943764
811355055
811186305
811332394
812362034
814167644
813507359
813455333
812239376
812713313
809917223
811797192
809678988
811281377
810888955
812589512
811087089
812101495
813044107
811225636
810071841
813341190
810123715
811132932
814050793
812110608
812741274
834938447
810039048
809937714
814021537
811192645
813672942
814037279
810449374
809765370
815788938
812242927
811453423
810044153
811334817
810054926
809872259
809996752
810330963
810500959
813086832
811446749
813184213
811391806
809996946
812833495
810728199
810226134
810211855
810640766
809983650
811215531
809917184
814000598
812333669
809777374
811081444
809933600
811435779
811601749
811506467
809856909
811084350
814413412
813725649
811178498
809788860
812695724
811857621
809855452
810136230
809871210
810030822
809976529
812552282
811346265
810981756
810327223
810018548
811053778
827973629
810686035
