1312.016939
1312.041929
1312.0921990000002
1312.121969
1312.241659
1312.2615090000002
1312.273259
1312.275089
1312.283429
1312.304419
1312.332409
1312.3607590000001
1312.363579
1312.3898390000002
1312.399959
1312.4442390000002
1312.481099
1312.511929
1312.536209
1312.537379
1312.538549
1312.543859
1312.584389
1312.601319
1312.612579
1312.627909
1312.6344490000001
1312.637009
1312.6535390000001
1312.657209
1312.658999
1312.6922590000001
1312.695749
1312.7198090000002
1312.728579
1312.736429
1312.7364690000002
1312.746989
1312.749229
1312.785599
1312.786079
1312.787169
1312.795879
1312.804769
1312.819569
1312.829819
1312.8466990000002
1312.861909
1312.872049
1312.9021790000002
1312.9044290000002
1312.936259
1312.9477590000001
1313.017789
1313.0230490000001
1313.035999
1313.048139
1313.0486090000002
1313.0564490000002
1313.077099
1313.0996890000001
1313.1082390000001
1313.108539
1313.131329
1313.1486690000002
1313.150069
1313.153219
1313.154179
1313.154949
1313.1596590000001
1313.1646090000002
1313.1701890000002
1313.1723490000002
1313.190299
1313.194309
1313.200709
1313.2022490000002
1313.203029
1313.2034290000001
1313.212399
1313.2130690000001
1313.233379
1313.234559
1313.242369
1313.243799
1313.247429
1313.2534190000001
1313.257529
1313.273509
1313.274679
1313.2748390000002
1313.294759
1313.298839
1313.3256390000001
1313.334239
1313.334509
1313.380329
1313.405479
1313.407609
1313.420689
1313.4216390000001
1313.4366690000002
1313.4510790000002
1313.4690990000001
1313.4724290000001
1313.489209
1313.4925190000001
1313.500139
1313.512559
1313.5214190000002
1313.5422290000001
1313.577839
1313.580519
1313.600749
1313.605699
1313.620049
1313.6644290000002
1313.668699
1313.6717190000002
1313.684449
1313.690029
1313.708399
1313.711649
1313.727679
1313.7395390000001
1313.7658390000001
1313.769289
1313.771349
1313.779909
1313.8299690000001
1313.839569
1313.899379
1313.932029
1313.938079
1313.940879
1313.9743190000002
1313.997269
1314.029999
1314.058579
1314.0725690000002
1314.169949
1314.185909
1314.209719
1314.235179
1314.240519
1314.278029
1314.292729
1314.307819
1314.3460690000002
1314.3830990000001
1314.385839
1314.4082290000001
1314.432729
1314.432869
1314.521439
1314.540479
1314.583819
1314.672069
1314.6892890000001
1314.701289
trimmed mean: 1313.2713858125
trimmed stddev: 0.6333055916768839
trimmed mean (rounded): 1313.3
trimmed stddev (rounded): 0.6
