197211785
132007840
133376055
131950877
131781731
131747671
131789257
131754452
131756464
131753225
131778163
131807546
131769107
131833892
131780376
131768516
131853684
131819021
131780753
131816113
131842828
131861994
131948482
131942042
131952805
131922201
131771243
131852895
131881816
131951202
131840169
131833658
132088194
131773866
131969975
131913461
131813278
131949040
132231093
132023324
131775125
131926947
131833775
132729962
131937821
131928958
132004089
131858597
131907388
131973240
131983037
131883637
131784230
131859625
131940607
131903493
132686803
131804203
131867242
131958028
131873663
131834423
131932179
131890861
132009310
131890006
131977469
131887747
131957172
131893170
131985895
131929289
131866228
131885682
131913488
131882342
131896003
131934260
131900380
131901344
131909513
131895532
132032181
131895359
131912601
131852018
131998628
131895044
131963994
131849263
131997032
132001009
132048966
131853680
132077294
131903375
131841295
131923704
131925145
131979764
131940112
132065517
131947209
131927280
132047244
132095728
131808380
131974125
131901277
132018621
132003555
132014644
131973845
131890891
131920798
131870480
131894904
132010819
131905790
131920585
132133660
131763376
131900108
131905379
131845758
132020860
132092690
132102305
131900340
131838476
131895455
131870255
131864707
131810479
131904417
132169974
131807363
131843738
131909921
131900262
131863019
131904274
131907505
131946480
132127328
132034085
131918070
131930051
132166459
132018347
132023310
131854960
131896498
131874813
131858754
131987294
131824461
131897056
131884898
131899067
131831230
131963034
131931293
131956966
131757999
131904780
131845391
131897272
145568613
131899468
131860514
131845937
132050166
131674658
131828147
135069269
131953991
131884851
131956621
131750425
131922106
131820033
131792234
131806188
131777300
131728794
131734983
131858645
133034731
131938089
131780598
131907521
131946907
131849612
132706474
132257396
131843482
131854736
131816395
132038419
