5808253749.1
5808254499.1
5808256862.1
5808261364.1
5808261783.1
5808262211.1
5808262541.1
5808264187.1
5808276537.1
5808278533.1
5808292908.1
5808322707.1
5808325469.1
5808335089.1
5808336690.1
5808372235.1
5808379932.1
5808380165.1
5808380335.1
5808381481.1
5808384606.1
5808386586.1
5808386728.1
5808386921.1
5808388131.1
5808389623.1
5808390103.1
5808390172.1
5808391059.1
5808391180.1
5808391705.1
5808391769.1
5808391769.1
5808391830.1
5808391862.1
5808392261.1
5808392455.1
5808392579.1
5808392802.1
5808392951.1
5808393019.1
5808393245.1
5808393487.1
5808393648.1
5808393685.1
5808393721.1
5808393758.1
5808393895.1
5808394116.1
5808394129.1
5808394194.1
5808394306.1
5808394358.1
5808394480.1
5808394487.1
5808394633.1
5808394665.1
5808394725.1
5808394730.1
5808395068.1
5808395241.1
5808395584.1
5808396040.1
5808396093.1
5808396097.1
5808396165.1
5808396371.1
5808396408.1
5808396419.1
5808396609.1
5808396649.1
5808396992.1
5808397069.1
5808397166.1
5808397452.1
5808397505.1
5808397590.1
5808397629.1
5808397738.1
5808397750.1
5808397972.1
5808398057.1
5808398065.1
5808398129.1
5808398166.1
5808398311.1
5808398464.1
5808398493.1
5808398602.1
5808398634.1
5808398637.1
5808398698.1
5808398718.1
5808398747.1
5808398750.1
5808398843.1
5808398949.1
5808399081.1
5808399081.1
5808399082.1
5808399114.1
5808399242.1
5808399275.1
5808399347.1
5808399485.1
5808399569.1
5808399948.1
5808399969.1
5808400061.1
5808400110.1
5808400123.1
5808400155.1
5808400187.1
5808400295.1
5808400331.1
5808400558.1
5808400573.1
5808400594.1
5808400691.1
5808400695.1
5808400828.1
5808400893.1
5808400924.1
5808400936.1
5808400937.1
5808400949.1
5808400989.1
5808401022.1
5808401026.1
5808401041.1
5808401054.1
5808401070.1
5808401090.1
5808401099.1
5808401199.1
5808401243.1
5808401333.1
5808401397.1
5808401420.1
5808401449.1
5808401554.1
5808401570.1
5808401598.1
5808401599.1
5808401619.1
5808401638.1
5808401707.1
5808401767.1
5808401792.1
5808401824.1
5808401884.1
5808401998.1
5808402131.1
5808402143.1
5808402191.1
5808402207.1
5808402244.1
5808402308.1
5808402348.1
5808402389.1
5808402433.1
5808402469.1
5808402586.1
5808402590.1
5808402664.1
5808402684.1
5808402708.1
5808402780.1
5808402784.1
5808402941.1
5808402941.1
5808402957.1
5808402977.1
5808403014.1
5808403062.1
5808403087.1
5808403220.1
5808403292.1
5808403433.1
5808403547.1
5808403643.1
5808403720.1
5808403740.1
5808403788.1
5808403800.1
5808403853.1
5808403898.1
5808403922.1
5808403922.1
5808403977.1
5808403990.1
5808404349.1
5808404382.1
5808404442.1
5808404522.1
5808404845.1
5808404893.1
5808404922.1
5808404990.1
5808405075.1
5808405200.1
5808405216.1
5808405272.1
5808405450.1
5808405522.1
5808405567.1
5808405579.1
5808405599.1
5808405708.1
5808405737.1
5808405777.1
5808405793.1
5808405813.1
5808405950.1
5808405962.1
5808406063.1
5808406131.1
5808406139.1
5808406184.1
5808406301.1
5808406318.1
5808406325.1
5808406357.1
5808406410.1
5808406455.1
5808406599.1
5808406624.1
5808406684.1
5808406688.1
5808406749.1
5808406760.1
5808406761.1
5808406765.1
5808406801.1
5808406870.1
5808406886.1
5808406971.1
5808407035.1
5808407064.1
5808407068.1
5808407088.1
5808407136.1
5808407152.1
5808407180.1
5808407221.1
5808407269.1
5808407370.1
5808407390.1
5808407406.1
5808407455.1
5808407479.1
5808407487.1
5808407591.1
5808407648.1
5808407681.1
5808407749.1
5808407762.1
5808407794.1
5808407806.1
5808407930.1
5808408188.1
5808408197.1
5808408221.1
5808408325.1
5808408346.1
5808408350.1
5808408430.1
5808408475.1
5808408479.1
5808408507.1
5808408656.1
5808408999.1
5808409004.1
5808409100.1
5808409108.1
5808409205.1
5808409258.1
5808409310.1
5808409330.1
5808409411.1
5808409427.1
5808409443.1
5808409463.1
5808409540.1
5808409569.1
5808409612.1
5808409770.1
5808409822.1
5808409839.1
5808409855.1
5808409863.1
5808409903.1
5808409988.1
5808409988.1
5808410020.1
5808410245.1
5808410250.1
5808410290.1
5808410319.1
5808410367.1
5808410544.1
5808410588.1
5808410600.1
5808410738.1
5808410774.1
5808410831.1
5808410927.1
5808410943.1
5808411379.1
5808411420.1
5808411448.1
5808411448.1
5808411472.1
5808411577.1
5808411629.1
5808411763.1
5808411802.1
5808411835.1
5808411839.1
5808411863.1
5808411892.1
5808411908.1
5808411940.1
5808412016.1
5808412032.1
5808412045.1
5808412198.1
5808412246.1
5808412254.1
5808412327.1
5808412351.1
5808412408.1
5808412508.1
5808412553.1
5808412621.1
5808412630.1
5808412702.1
5808412718.1
5808412762.1
5808412899.1
5808412904.1
5808412952.1
5808413025.1
5808413033.1
5808413085.1
5808413133.1
5808413137.1
5808413165.1
5808413242.1
5808413278.1
5808413279.1
5808413299.1
5808413383.1
5808413384.1
5808413384.1
5808413387.1
5808413420.1
5808413569.1
5808413731.1
5808413739.1
5808413985.1
5808414033.1
5808414182.1
5808414230.1
5808414239.1
5808414267.1
5808414320.1
5808414327.1
5808414352.1
5808414545.1
5808414549.1
5808414602.1
5808414711.1
5808414714.1
5808414888.1
5808414909.1
5808415041.1
5808415065.1
5808415151.1
5808415299.1
5808415404.1
5808415545.1
5808415614.1
5808415618.1
5808415638.1
5808415735.1
5808415827.1
5808416017.1
5808416187.1
5808416243.1
5808416260.1
5808416304.1
5808416332.1
5808416344.1
5808416502.1
5808417130.1
5808417155.1
5808417228.1
5808417300.1
5808417316.1
5808417421.1
5808417526.1
5808417812.1
5808418014.1
5808418018.1
5808418034.1
5808418171.1
5808418312.1
5808418321.1
5808418445.1
5808418558.1
5808418615.1
5808418723.1
5808418837.1
5808418962.1
5808419014.1
5808419131.1
5808419320.1
5808419349.1
5808419381.1
5808419394.1
5808419627.1
5808419769.1
5808419861.1
5808419873.1
5808419934.1
5808420075.1
5808420212.1
5808420289.1
5808420333.1
5808420470.1
5808420752.1
5808421249.1
5808421378.1
5808421753.1
5808422003.1
5808422120.1
5808422148.1
5808422459.1
5808422717.1
5808422725.1
5808422773.1
5808423019.1
5808423826.1
5808423911.1
5808424181.1
5808424302.1
5808424310.1
5808424310.1
5808424838.1
5808425153.1
5808425193.1
5808425286.1
5808425508.1
5808425601.1
5808426008.1
5808426076.1
5808426153.1
5808426242.1
5808426492.1
5808427029.1
5808427932.1
5808428453.1
5808428637.1
5808428715.1
5808428718.1
5808429487.1
5808430723.1
5808431913.1
5808432259.1
5808432873.1
5808433889.1
5808434187.1
5808435015.1
5808435487.1
5808436200.1
5808436431.1
5808440444.1
5808441952.1
5808442642.1
5808445191.1
5808447606.1
5808451991.1
5808452954.1
5808456254.1
5808458158.1
5808473214.1
5808480099.1
5808499132.1
5808512160.1
5808512446.1
5808513971.1
5808515762.1
5808517435.1
5808529237.1
5808529660.1
5808535759.1
5808539688.1
5808560249.1
5808565759.1
Mean: 5808408013.344053
Stddev: 31489.258633643025
Mean Cycle Time: 0.3443284279281454
Mean (rounded): 5808408013.3
Stddev (rounded): 31489.3
Mean Cycle Time (rounded): 0.344
