5808425545
5808400973
5808425323
5808424218
5808436468
5808405616
5808424339
5808428752
5808413316
5808410025
5808419910
5808412755
5808411839
5808412235
5808410581
5808404930
5808414022
5808417849
5808401591
5808416539
5808256899
5808322744
5808401236
5808403470
5808254536
5808398166
5808401434
5808402281
5808418595
5808402627
5808264224
5808418349
5808398530
5808452028
5808441989
5808276574
5808425190
5808336727
5808411666
5808401127
5808424347
5808406338
5808407125
5808405237
5808407628
5808432910
5808419898
5808398880
5808419386
5808425638
5808401280
5808413062
5808413424
5808403680
5808407306
5808404027
5808409367
5808398755
5808407101
5808399279
5808425230
5808413202
5808411614
5808404014
5808403825
5808419971
5808418208
5808412445
5808406492
5808389660
5808410811
5808406725
5808411485
5808410282
5808423056
5808407072
5808409137
5808400368
5808408516
5808396646
5808400160
5808401635
5808410057
5808409464
5808406802
5808407843
5808415864
5808418358
5808422754
5808419051
5808428674
5808411872
5808407516
5808406798
5808422040
5808399151
5808412082
5808412739
5808413421
5808401861
5808409577
5808413279
5808409036
5808412053
5808406394
5808399384
5808409859
5808409940
5808432296
5808413421
5808398094
5808402426
5808411900
5808402994
5808420370
5808422810
5808405636
5808428755
5808406176
5808399522
5808410404
5808415655
5808419168
5808424347
5808413070
5808406168
5808401136
5808435052
5808401607
5808401078
5808404419
5808413174
5808422496
5808426279
5808406447
5808400006
5808403959
5808410625
5808409876
5808411800
5808400192
5808393282
5808394702
5808403757
5808414639
5808405814
5808402168
5808406786
5808402470
5808399119
5808400147
5808480136
5808406838
5808381518
5808411509
5808419357
5808403051
5808409041
5808565796
5808412388
5808262248
5808325506
5808420326
5808391806
5808401059
5808412283
5808414925
5808408383
5808399985
5808401636
5808392616
5808419806
5808403257
5808393932
5808405999
5808397489
5808402721
5808414304
5808400930
5808411457
5808410964
5808399118
5808401370
5808414389
5808395621
5808379969
5808394524
5808402345
5808408225
5808458195
5808402817
5808418874
5808415188
5808421286
5808398639
5808398671
5808397787
5808411977
5808391096
5808397106
5808380202
5808407718
5808408362
5808417563
5808394231
5808409448
5808391806
5808407258
5808405745
5808402385
5808401026
5808401457
5808420789
5808413606
5808407008
5808413315
5808418652
5808412658
5808414582
5808396408
5808421790
5808292945
5808414070
5808401107
5808400610
5808515799
5808402506
5808405027
5808405253
5808409649
5808440481
5808418051
5808407173
5808422185
5808435524
5808429524
5808414357
5808401656
5808410287
5808400224
5808445228
5808413457
5808423948
5808415582
5808417192
5808514008
5808428490
5808409145
5808420249
5808403099
5808426529
5808262578
5808416054
5808412069
5808406636
5808442679
5808413122
5808417265
5808411945
5808411485
5808529697
5808410775
5808410356
5808406797
5808399606
5808517472
5808404479
5808413768
5808404559
5808401744
5808529274
5808398735
5808535796
5808419431
5808412291
5808512197
5808426045
5808407492
5808422157
5808560286
5808447643
5808335126
5808412936
5808401091
5808398784
5808418071
5808431950
5808392298
5808402623
5808416297
5808436237
5808407685
5808410327
5808401675
5808394517
5808512483
5808401829
5808401921
5808409347
5808396077
5808456291
5808414748
5808408234
5808402978
5808403124
5808499169
5808418055
5808393685
5808418999
5808398986
5808423863
5808261820
5808411876
5808403329
5808412799
5808418482
5808397666
5808391217
5808401804
5808407831
5808539725
5808402821
5808404959
5808386958
5808400098
5808394767
5808415078
5808417167
5808415336
5808409242
5808410868
5808408544
5808420112
5808408512
5808405604
5808386765
5808416381
5808411929
5808427969
5808409900
5808405774
5808261401
5808412545
5808403959
5808400595
5808414219
5808407786
5808406923
5808398203
5808408467
5808417337
5808430760
5808412364
5808403890
5808394166
5808452991
5808433926
5808409480
5808405850
5808403837
5808414364
5808396445
5808416224
5808407799
5808402180
5808397627
5808418760
5808404386
5808416369
5808403777
5808405487
5808427066
5808419664
5808403935
5808400961
5808416341
5808398102
5808407427
5808397775
5808408693
5808417458
5808416280
5808407407
5808400732
5808395278
5808408258
5808400865
5808405987
5808402244
5808393722
5808409892
5808397542
5808421415
5808393795
5808402978
5808398501
5808394343
5808404882
5808417353
5808400974
5808402701
5808473251
5808412989
5808396686
5808394395
5808420507
5808396202
5808414946
5808415102
5808393524
5808410980
5808414267
5808407189
5808411416
5808394153
5808412667
5808392492
5808407105
5808407967
5808398787
5808407524
5808413776
5808393056
5808408387
5808395105
5808402745
5808396456
5808400332
5808409807
5808403014
5808405559
5808414751
5808410637
5808406721
5808396130
5808406221
5808415651
5808386623
5808415772
5808415441
5808415675
5808426113
5808406362
5808401063
5808392839
5808407443
5808434224
5808372272
5808409295
5808407217
5808405309
5808409500
5808392988
5808414276
5808397203
5808413170
5808396134
5808399118
5808413420
5808384643
5808414586
5808388168
5808413336
5808278570
5808253786
5808391899
5808405830
5808406907
5808412941
5808409606
5808419418
5808406661
5808406355
5808394670
5808398009
5808400986
5808406100
5808405112
5808412590
5808390209
5808410025
5808393758
5808390140
5808422762
5808401486
5808398348
5808397029
5808426190
5808402228
5808398674
5808403584
5808402035
5808380372
5808400631
5808394762
5808391742
5808391867
5808399312
5808400728
5808424875
