21122304
16053882
18068004
12509558
9909676
8154821
7346761
7624025
7359890
11384122
7701779
7688487
7364216
7348122
7504138
7405371
7363169
11835026
7560527
7346430
7368545
7483917
7428890
7365369
7441166
7355366
7364576
7343540
7352571
7361107
7498220
7365905
7349873
7350567
7351196
7352676
7341836
7352075
7342922
7353952
7352206
7343042
7350682
7377523
7344054
7349948
7351847
7348201
7353618
7344656
7354342
7347215
7344908
7351226
7351377
7344772
7364453
7342857
7347873
7351046
7342407
7352743
7348236
7344345
7348011
7348429
7345357
7353974
7345027
7370574
7350317
7343462
7349988
7352309
7347635
7350268
7353672
7344279
7349961
7343833
7351375
7348378
7345926
7348504
7352612
7343329
7355682
7347995
7350998
7352172
7352882
7356272
7351269
7345597
7348850
7348346
7342234
7348360
7342889
7352173
7351552
7344757
7350661
7349351
7344226
7347439
7351137
7344450
7349839
7344972
7352571
7347680
7343409
7351835
7353793
7343492
7349294
7343008
7356548
7350149
7339887
7350802
7352930
7341274
7350649
7347703
7342500
7350994
7343097
7353717
7350577
7342447
7375662
7348820
7357020
7351317
7342536
7348181
7355997
7345968
7353170
7348929
7344625
7351152
7350913
7343834
7352629
7343593
7349460
7349951
7350740
7353260
7350913
7342921
7348171
7349425
7341915
7349707
7344795
7352220
7348986
7344065
7351831
7352755
7344047
7348373
7345275
7357520
7349917
7342441
7351973
7349379
7345791
7351252
7350877
7345416
7348759
7344593
7352365
7349096
7343176
7350383
7349139
7341661
7502788
7362877
7343763
7349629
7381089
7352561
7349814
7344521
7348837
7350197
7375958
7352648
7342875
7350238
7352403
7346017
