1.5440148782912575
1.5442017948028135
1.5442847240906468
1.544306839593393
1.5443473956328038
1.5443834506760545
1.5444682487530246
1.544642907150259
1.544777965789811
1.5448147955540539
1.5448692509106332
1.5449601208126857
1.5449861493074657
1.545099433594083
1.5451462281887787
1.5452061822676857
1.5452178252876976
1.5452218616071656
1.5452601987905366
1.5454691378520617
1.5454967392750105
1.5456383262806588
1.5457429317224898
1.5458120694086512
1.5458634636965387
1.5458943117078487
1.5459259022184533
1.5462504475420695
1.5464647596148566
1.54649865938873
1.5465398307966163
1.5466719142569094
1.5467753274272928
1.5469594743264061
1.5470249353138101
1.547449389877976
1.5475599731186032
1.5481490111758385
1.5481808071655598
1.5481877746288453
1.5482694478974266
1.5484515493507083
1.5484659281839575
1.548516628798183
1.548591822569644
1.5486045772027945
1.5486618656975397
1.548876925877108
1.548943513368097
1.549014405382917
1.5490431062244108
1.5490842230747388
1.5491580838155672
1.549273037320785
1.5495111035548381
1.5495559262837633
1.5497677688810305
1.549935590853902
1.5500228540451668
1.5500783081440475
1.5500784525889362
1.5501168636730507
1.5501322712956789
1.5502184921689894
1.550249011454527
1.550381968754376
1.5504470318068213
1.5504874855864486
1.5505045898625998
1.5505181272009536
1.5505345833950097
1.550603115739616
1.550606204267135
1.550779826514102
1.5507895600065607
1.550801806928292
1.5508313313503541
1.5509609913226277
1.5509738830900217
1.5509940192823142
1.5510165524828727
1.551122239658503
1.5511809755663333
1.5513810922525026
1.5514161995669853
1.5514499869992204
1.5515029468860422
1.5515308413551698
1.551585885637825
1.5515861077048954
1.5516151937522444
1.5516565279925432
1.5516618027399351
1.5516839064709786
1.5517442459335267
1.551813023766589
1.55188655186105
1.5518979429366966
1.551915628153419
1.5519334066059354
1.5519419315800795
1.5520007561156866
1.5521265221413751
1.5521554513062124
1.5521736130002726
1.5522574780052787
1.5522798100541675
1.552317288056947
1.552470351284403
1.552494233996716
1.5526361005154594
1.552747129666761
1.5527966516986533
1.552816008384621
1.5528711871187122
1.5529036045297633
1.5529924377673567
1.5531617960313548
1.5531932960536254
1.5531999219933699
1.553350121863527
1.553359437510002
1.5535140697803502
1.5536442023122143
1.5536728899148184
1.553797417082302
1.553829312033095
1.5539211450175536
1.553923943526739
1.5539412431209134
1.554052294249673
1.5541698379471507
1.5542011734903598
1.554209068362735
1.55434075979549
1.5544370017161175
1.5546016791931077
1.5546360026803487
1.554679988679423
1.5555201435237318
1.5562848967860212
1.5569117358797018
1.5569825205703598
1.5573864289850499
1.5579762267906172
1.5587191648196905
1.559919139272254
1.561290738722162
1.5632570753702821
1.564209642993597
1.5642746355702632
1.5647377479191948
1.564835695634652
1.5655086722081335
1.566103615315691
1.5686626419154803
1.5710528737011595
1.576605988596484
1.577359485099595
1.5778105236630418
trimmed mean: 1.551727559562177
trimmed stddev: 0.006104093815620592
trimmed mean (rounded): 1.6
trimmed stddev (rounded): 0.0
