1150475726
397614895
400794544
398840993
403443153
398541154
402721601
398936929
399542250
401776249
400184122
401028090
403076352
403458677
401136518
398265484
400559463
399452151
398311097
402581899
402114611
399793179
402979706
398456235
398414456
399693540
398701548
398519546
398885934
401840965
400517474
400562776
399886949
397631793
421828966
483698779
481915158
484867002
485176400
482116609
483734325
484144499
484422935
482409994
487143048
485134159
484328457
486038701
495821492
485616076
486347467
486919603
486651011
487440915
486933465
487476364
486753210
486472123
485279325
494177633
486944797
486589789
486662365
488903495
485196795
485998631
485970926
485767326
484451863
485399456
485162957
486221278
484581274
486083332
488057289
483654364
486686073
486031215
486212802
484294821
485772070
484866527
483431189
486044279
485708104
484667410
484240590
484226706
484046103
491543331
484737414
483550606
483743517
482455725
484614551
482365134
481429454
484963628
489923593
482081670
