25.640218510772456
25.640815214427445
25.641545176838886
25.65031055088091
25.65384894066904
25.655098680819076
25.655697237086386
25.65892519881414
25.66513148110649
25.671709726272844
25.67837230516934
25.678819948463325
25.685659592725145
25.687723400867696
25.688018204824196
25.688413859492098
25.690136151053643
25.691600735123025
25.70211786787207
25.702368874578266
25.705502744063295
25.710374135897652
25.72184794700756
25.72821539641818
25.73259166147373
25.733673363401252
25.734386397635394
25.735914014073867
25.744963706123098
25.75009425335182
25.7501194794605
25.756978193755682
25.760698459658226
25.76350829040168
25.76527751339278
25.772160159199906
25.773699180274914
25.77872685870778
25.780517283229056
25.78340449130036
25.784143766542613
25.78852187529614
25.793764118911373
25.809898355824078
25.810388799837707
25.812285550854003
25.814655947641494
25.820195134738118
25.826573230626824
25.878791274815498
25.88124450569695
25.88365146390348
25.89699415912492
25.89887105095646
25.907819665825368
25.93395751947793
29.598183507872804
30.9458487482291
30.947039506819433
30.975201432039366
30.982630167404032
31.00248699275482
31.01324532502896
31.049285096581848
31.07042906694331
31.07543372831434
31.124992716940472
31.133408139966136
31.151549813098573
31.16957428641057
31.16983208785758
31.173099835922844
31.19906692349231
31.22225227924903
31.229575342827136
31.237360517304595
31.249188805080152
31.25623726111324
31.29660430011394
31.300605369965464
trimmed mean (Gbps): 27.344050910726065
trimmed stddev(Gbps): 2.4436094679655938

