88883228371
86564125455
86353935234
102268765904
85432694833
85145550810
88880083169
85258879353
84265578524
82880302026
83259467815
85939924615
85156924169
80651168914
102418323235
80633778750
84685661363
82736576258
84973500055
93687055555
98858451815
105183967351
82456648889
91461709823
86623463601
83801349295
90494734600
88987312107
83031319286
85691549645
84713124358
82180514687
81990162025
82250123910
84933659321
84844940769
90154177241
85082511677
81359079462
85033369685
84669955281
86499193020
85874792630
80637330612
84437244959
89559476837
85128136482
85516733862
87712135393
82525584512
84834319893
83645898385
86457816873
84619788737
81606290182
84742512148
80651730483
80554961109
81801795827
86878300403
85335657879
82906246108
87515392765
85286700686
85000420244
86721778764
83723685304
86439566438
88854565936
82911996636
82705239452
85270785738
80929152007
142958203496
82126561166
82641664164
81925608242
79269754647
83785184957
81527409920
87469147101
84314710691
82611807378
82767670563
82662588113
85086897826
81979360605
81739874081
82137260434
79900403465
82295315459
81527464293
81388481467
85941582275
82185248921
83688075803
81045937677
85280814746
83953460464
84165548162
