2.7403331783904314
2.7435421540367724
2.7436392398400917
2.744427157501302
2.7801726948211534
2.786422777980508
2.787895982829051
2.806856058347155
2.811922071949956
2.815113523382086
2.817043232906102
2.8191579055441345
2.820507070908065
2.821102579228015
2.8239000708526407
2.8374493158143292
2.8375040462118246
2.8396561593686087
2.8457284859095258
2.851545806464451
2.8543508349292184
2.857596576717277
2.8592369251661913
2.8594342649435465
2.859770573432824
2.8601699398065343
2.863594313754477
2.863976819779338
2.8645626922512
2.8659510460227677
2.8660987907011073
2.867755149897821
2.8688668023918202
2.8697756791183284
2.8711218352881605
2.8741240387153186
2.874483866142186
2.877598004196579
2.8785962703628867
2.8795297799292316
2.8800639260819576
2.8817713618471665
2.8880014257509607
2.892198547913189
2.893884882767881
2.897324251474659
2.9046436261345026
2.9099159605469236
2.9104773589037194
2.912615264647671
2.9138545902652084
2.915323865692602
2.928854702403682
2.9369024354525215
2.941129073282569
2.9413330753438016
2.9422538030036294
2.946257665239258
2.947364936516799
2.9484816856354796
2.950003010999668
2.9507499189087008
2.9518163513195645
2.954900413884354
2.957370777448364
2.9631684679834995
2.964796552741439
2.96713688931471
2.9673078193752462
2.9688704315506214
2.9692572094695775
2.9741968768999145
2.9745887505301494
2.976540413481425
2.981045603781706
2.9833038840990045
2.988187347910828
2.991076515706582
2.9910785105424735
2.996184219642466
trimmed mean (Mbps): 2.889559326504094
trimmed stddev(Mbps): 0.06573674788213948
