337391.74169
337404.75969000004
337413.60269
337435.12629
337455.46519
337474.23169
337492.73479
337499.82739
337503.58399
337513.45149
337518.14159
337537.55659
337539.85679
337542.76569000003
337544.33499
337554.92849
337555.03109
337557.10559
337580.64369
337589.21319000004
337611.59029
337628.65089
337635.13969
337638.58119
337643.93719
337644.89759
337651.31539
337652.21509
337655.62099
337656.14709
337661.21799000003
337665.57059
337668.13819
337670.77769
337682.29229
337693.55609
337694.34849
337701.10419
337708.57439
337713.48639000003
337718.73719
337720.97449
337721.87159
337732.20569000003
337733.57879
337740.69589000003
337746.72609
337763.53669000004
337764.96659
337765.14789
337765.97859
337768.43439
337779.50979
337784.45589
337790.66589
337792.10649000003
337793.06469
337803.76549
337823.35499
337827.62589
337830.73799
337834.49829
337841.55789
337843.04589
337847.81459
337849.27529
337850.17809
337850.94949
337852.72089
337889.17859
337899.60209
337900.05389
337907.56339
337907.76499
337909.40599
337935.92209
337938.89799
337956.21199
337964.63799
337965.36719
337967.39959
337984.62379
337988.54829
338004.40149
338009.87549
338017.22849
338021.54419
338024.99399
338027.10969
338029.38109
338045.82679
338053.99939
338057.76929
338070.46499
338075.33919
338077.49009000004
338087.39919
338091.00229000003
338094.53679
338094.96439000004
338114.72259
338128.13029
338129.71609
338138.67879000003
338140.48869
338147.79489
338160.81069
338162.33469
338167.08509
338174.60549
338189.44029
338193.79589
338194.95109
338199.03659000003
338204.90869
338205.34569
338206.34599
338206.75319
338223.49609000003
338232.40989
338235.63009
338263.08439000003
338265.69929
338267.61029
338272.31679
338273.61539
338279.06299
338300.05849
338304.40339
338306.19799
338314.30019000004
338329.28319
338341.83439000003
338351.73419
338360.44299
338361.39359
338404.71079
338424.49889
338444.20799
338445.01709000004
338447.71879
338462.02709
338471.23319
338479.70729
338486.19279
338487.18819
338503.36509000004
338509.65179000003
338517.36459
338537.49899
338552.54199
338571.36369
338575.40249
338586.90759
338590.16019
338596.95459000004
338616.60669
338620.65099
338642.91709
338654.34089
trimmed mean: 337989.335609375
trimmed stddev: 331.34061684586675
trimmed mean (rounded): 337989.3
trimmed stddev (rounded): 331.3
trimmed mean (rounded) in time: 116268.33
trimmed stddev (rounded) in time: 113.98
