3434740033
3384303026
3371376736
3381339340
3381681384
3380932029
3372513729
3377707703
3385154555
3377717823
3374800354
3382848667
3374409300
3373510802
3372665615
3379417258
3379943520
3376619508
3377742381
3376173940
3380230322
3376739419
3381003405
3377380094
3372475049
3374612689
3382111494
3398754036
3367366340
3369511475
3373113654
3378095692
3392488864
3378536183
3381952440
3381462924
3384678308
3377693404
3376497409
3375607322
3385433027
3379732033
3384508208
3383671973
3373743679
3386601446
3376571191
3383476381
3383201039
3373470247
3385959639
3386645512
3385583457
3382715030
3375864474
3393782186
3380598031
3384770369
3384855110
3379058576
3386027583
3372716475
3376993598
3381205263
3375608348
3373405561
3374194064
3380968060
3387728537
3385927113
3379904275
3375056311
3376443849
3381995996
3378949823
3386487208
3384500117
3376580188
3383662467
3381007681
3382382136
3382734140
3377393825
3380307977
3367820568
3375433603
3376409434
3386264547
3377525298
3385771674
3374105634
3380811429
3381444825
3378488496
3396201293
3397249312
3384919965
3382048403
3379152097
3380156792
3384535225
3380762687
3378334296
3379135687
3381355198
3370588692
3376713743
3377069079
3380351848
3376614247
3377709516
3377192901
3375629093
3381666144
3384105145
3375239453
3382107124
3375456605
3378550790
3383120017
3377988684
3379133671
3375485694
3383058622
3393808486
3374985385
3376344546
3379704417
3378365417
3379447017
3391736371
3382121497
3379620157
3381728888
3377001522
3382794191
3395723702
3382125569
3377853135
3379711709
3380102052
3378403020
3385812062
3372674197
3376507013
3386224104
3382781205
3372565799
3389316129
3385231683
3378585246
3380635730
3380329134
3378291587
3384929919
3383350869
3380516305
3382292998
3377464996
3375192552
3370388894
3375093877
3375501387
3377143781
3376670217
3380832938
3376880960
3373975454
3382414338
3383575379
3393724976
3394850780
3388858692
3377902596
3377964696
3371585132
3385091688
3383102071
3377267782
3377979102
3378559818
3377245409
3378567532
3376765814
3389371172
3372445216
3381535986
3379054058
3381804092
3382688881
3392400496
3371113132
3388888019
3375950169
3382007548
3378473616
3395047654
3387396008
3377276753
3380273479
