2910723459
2880184034
2864276518
2869390548
2874466405
2863449292
2873686668
2886865847
2868999463
2872319566
2868313091
2860562464
2860839159
2860042481
2859671787
2861043183
2868612723
2861282069
2867563447
2862086615
2861821856
2863638183
2866422019
2875097512
2867709739
2885063855
2884668617
2886933349
2888361482
2885831604
2890736856
2896364935
2891016587
2889947298
2887908309
2898640097
2887779095
2889040790
2889808088
2886904736
2888478719
2890676793
2890064920
2888911800
2892882382
2888581551
2892916690
2896922187
2885232342
2891688615
2886112062
2890793836
2892573551
2895781541
2885709654
2888035430
2889764677
2893370908
2891435207
2895666647
2887358673
2895253100
2884652025
2885119831
2893591196
2888693962
2886549316
2887330772
2903813556
2867275429
2863449901
2871982917
2860622099
2862577296
2862472046
2859525577
2862945564
2876668100
2873171657
2880934012
2879905299
2877001721
2876037693
2880888464
2892207181
2890807908
2890318988
2896250138
2884388427
2880507189
2888873352
2891505217
2889863709
2886715201
2884234349
2889608026
2890752007
2887769239
2890703786
2885515719
2885720418
2890234569
2909879856
2884835727
2887087751
2889049544
2885559854
2898661258
2889505934
2888901536
2882452179
2885886863
2881484336
2894115481
2893540961
2886791023
2884068215
2902374700
2887593614
2890529992
2915783359
2887535704
2883051228
2893058837
2879431787
2889834618
2886364266
2890161174
2889987165
2910740678
2890189750
2890403111
2889300147
2885685014
2888766602
2884023713
2895204264
2891846718
2896984865
2888837356
2890856086
2884484912
2892723161
2890378163
2907085887
2890036808
2895610342
2889350280
2891274818
2891303242
2888831085
2888721092
2900540353
2887834783
2889453829
2888454944
2881998541
2888883385
2893750830
2888931606
2888205660
2882075933
2893299966
2889018724
2888535234
2913423621
2885194680
2886928042
2890885780
2887118364
2894633073
2892492842
2893061586
2888803093
2894617459
2887940995
2887752205
2894351879
2892548856
2896786555
2893789441
2895176716
2889202946
2889086936
2893651963
2886450866
2886271663
2885695134
2898535749
2897360597
2881384112
2895886431
2892191893
2865401226
2870844003
2864590580
2864418798
2865254043
2860902184
2864119020
