286453.25429
286519.60059
286534.31889
286636.39819000004
286721.73919
286750.54099
286765.17019000003
286825.50539
286855.46859
286894.14259
286933.25109000003
287078.59659000003
287192.48799
287226.15289
287311.36199
287362.86309
287440.83679000003
287503.94749
287597.96559000004
287661.00629
287694.36839
287937.37499
287984.72619
288012.59969
288044.91519
288083.04269000003
288087.59749
288132.60749
288142.62989
288194.05039
288201.78959
288239.41419
288299.31909
288396.56759
288401.01779
288417.63119
288433.03899000003
288442.68749
288459.39879
288461.05799
288477.76899
288500.58179
288506.17939
288513.66429
288517.43049
288545.76819000003
288550.18169
288562.69769
288563.70969
288565.16169000004
288566.23809
288577.35669
288582.88259
288605.40249
288621.36259000003
288630.62289
288639.28289000003
288649.12789
288665.71639
288673.29859
288680.78099
288684.66989
288687.00049
288687.53119
288702.97139
288706.03269
288727.27349
288730.06359000003
288747.76669
288753.55769
288769.41679
288771.12019
288772.10579
288777.67459
288785.02719
288788.29579
288797.73929
288814.76229
288830.34449
288839.69069
288842.06819
288847.71969
288852.35139
288863.59249
288866.30549
288870.85649000003
288874.50559
288877.30479
288877.93189
288881.53149
288882.53479
288884.34989
288885.37629
288887.35689
288896.06869
288898.27529
288899.15069000004
288902.88989
288914.49089
288924.21099
288929.22429
288939.57919
288944.78969
288954.99889
288970.66399000003
288975.00509
288977.65809
288980.56719000003
288988.92609
288992.91279000003
288997.87709
289000.68829
289010.31369
289013.17129
289017.65319
289026.09509
289032.01259
289034.50739
289047.19549
289061.87559
289064.57489
289067.88189
289069.39699000004
289073.57989
289074.98709
289079.80489
289082.77429000003
289095.85499
289121.67809
289124.52049
289137.71699
289144.71799000003
289163.05779
289178.86809
289213.38559
289214.91439
289243.48049
289249.08189000003
289251.55139000004
289266.51239
289282.43449
289285.86529
289300.07999
289300.35489
289324.19289
289331.28709
289348.29239
289353.31589
289359.39259
289369.27929000003
289373.14039
289405.74439
289429.38419
289455.94219000003
289457.50359000004
289511.86789
289514.62269
289519.50629
289555.23049
289560.86099
trimmed mean: 288621.1245575001
trimmed stddev: 713.2295203603759
trimmed mean (rounded): 288621.1
trimmed stddev (rounded): 713.2
trimmed mean (rounded) in time: 99285.67
trimmed stddev (rounded) in time: 245.35
