54228.143489999995
54243.28239
54252.11689
54268.79139
54270.89849
54271.21559
54310.743989999995
54314.72309
54316.14099
54317.296989999995
54330.24329
54336.28389
54342.98299
54344.50459
54353.850889999994
54371.17839
54378.01519
54410.132489999996
54424.683189999996
54434.04359
54438.22419
54443.08369
54448.57329
54455.13159
54459.30199
54468.54919
54473.81709
54476.96859
54482.41439
54493.44749
54504.23829
54506.233589999996
54507.48319
54525.75989
54529.841089999994
54535.059389999995
54535.723289999994
54535.791489999996
54546.83399
54547.84609
54550.007789999996
54570.25719
54576.73009
54576.74959
54590.30499
54590.810789999996
54592.65679
54603.434689999995
54611.06269
54620.76109
54622.885689999996
54623.77949
54626.38359
54628.50829
54630.37209
54643.64099
54657.08089
54660.620189999994
54669.43939
54680.982189999995
54685.82139
54688.72339
54698.299889999995
54718.322589999996
54720.75069
54722.19239
54732.20899
54732.507489999996
54736.004689999994
54738.566289999995
54741.98529
54744.967189999996
54755.78799
54756.41379
54760.26579
54769.66349
54779.85739
54786.160189999995
54788.869589999995
54793.88059
54813.15349
54814.327189999996
54816.29569
54821.63189
54823.268489999995
54833.62139
54839.160189999995
54842.298389999996
54845.757789999996
54848.711989999996
54861.90259
54862.827489999996
54868.843089999995
54871.72189
54871.76249
54907.69489
54916.51859
54918.92809
54922.28909
54923.21129
54926.47829
54926.86569
54930.43159
54938.30079
54939.714289999996
54956.02469
54960.87639
54972.13479
54973.64969
54977.27289
54981.49699
54985.46209
54988.150389999995
54989.75799
54998.975589999995
55000.78179
55012.75799
55019.833289999995
55024.93539
55034.06179
55047.59349
55055.88879
55064.254389999995
55071.02009
55078.927789999994
55080.16139
55081.373589999996
55088.60379
55110.60439
55111.349389999996
55117.880789999996
55125.01489
55128.124189999995
55135.20209
55137.02319
55138.67039
55172.08349
55176.96219
55179.71399
55180.67509
55184.37079
55191.56239
55195.701689999994
55223.28279
55225.32509
55248.07109
55255.79879
55260.19949
55260.51369
55279.061989999995
55280.23809
55322.71239
55326.83219
55329.99129
55336.09979
55367.17849
55368.108089999994
55392.412189999995
55399.88469
55415.917389999995
trimmed mean: 54803.234933750005
trimmed stddev: 305.5774809887244
trimmed mean (rounded): 54803.2
trimmed stddev (rounded): 305.6
trimmed mean (rounded) in time: 18852.31
trimmed stddev (rounded) in time: 105.12
