545356448
546092384
541525128
549223223
545315636
542119994
542745951
542339472
546628846
552290865
546265648
546664239
540761396
540117896
545558115
551339279
544159362
537846670
535856584
539719492
545120373
545408631
543503083
540062575
542249431
541539713
542218826
541862692
547919639
545966145
543231007
543420876
550847315
537402769
539927854
544743529
546752431
543165477
543596546
545132869
547615917
542767022
543769821
546361758
547241263
544488874
554217211
555419052
552538748
548274356
548189572
555150731
556867462
546286894
547477890
546321873
552663174
546343120
548515615
556029602
553285161
549322820
544543770
545984605
552616025
550700581
553729822
543219447
545825533
554339611
547856611
555792826
549955617
549830766
549794534
547507709
554702172
549290150
544304869
555246688
551778872
547996843
551171531
554853091
540385415
554471570
551864788
549441045
542579206
543487867
548449639
549939541
545536498
549873007
549455180
550533972
545415952
547754672
548686312
554759861
552015054
554056884
544398473
552860418
553357950
554774661
548481021
546867859
550616925
548545157
551308186
543205268
556046036
550944075
549326694
547380127
544827723
546295832
551164081
542490861
547265544
544882181
548394251
546168664
546945271
549362353
551973661
547383112
544651057
547946733
544440279
553982159
550768238
551827659
556909272
547041036
548775256
552848657
554261365
547418084
549134986
541311628
550047793
547622175
552311288
554268574
549666801
550398655
551444741
547279961
545961087
553326359
555914457
549618284
555251899
552660032
546916251
550859651
541138029
544796208
547443700
551410058
553419035
545526377
555447259
549280928
546494447
541647080
540165026
543360470
545825338
545100420
548220994
542770193
545415270
550307391
550185617
545760609
547660695
550871773
548775662
551236845
548746468
551855177
548201309
549912658
557468494
548290722
549247318
549779385
553739118
551428269
551901745
544609353
550256370
542174053
543838189
544992512
550065855
548677063
