989516197
977922147
977731365
977931904
977384971
981791873
977448791
977470979
978506420
977661144
977460231
977375385
977660808
977477672
977521166
977502013
977432712
977497249
977353046
979778210
977560536
977555527
977454093
978084031
977582140
977429998
977409184
977696657
977449219
977366995
977346474
977443707
977417517
977494818
977380844
977361153
977317700
977400276
977824119
977442628
977350086
977428254
977344303
977388226
977439508
977473764
977360757
977367374
977346282
977564114
977653872
977464531
977340448
977491049
977308276
977404249
977418628
977390625
977398433
977361191
977419378
977369647
977358243
977462143
977355216
977382395
977383211
977381608
977464630
977465521
977432097
977389227
977352749
977999613
977797227
977493549
977412757
977380182
977393742
977389432
977349634
977487846
977432714
977307161
977389672
977402052
977362133
977387395
977391956
977356147
977340232
977641082
977404080
977387930
977458282
977422357
977375669
977427459
977467475
977390715
