3.9493279000000006
3.9493519000000004
3.9493799000000003
3.9494309000000003
3.9494699000000004
3.9498369
3.9498729000000004
3.9510929000000004
3.9518069000000002
3.9533129000000002
3.9534609000000005
3.9537569000000006
3.9537849000000005
3.9537989000000002
3.9538229000000005
3.9538459000000006
3.9538659000000003
3.9539279000000005
3.9539399000000004
3.9540289000000004
3.9540299000000005
3.9540829000000004
3.9540959000000004
3.9541149000000004
3.9541479
3.9542029000000003
3.9542379000000003
3.9542479000000004
3.9542569000000003
3.9542609000000004
3.9542649000000005
3.9542859000000004
3.9543059000000005
3.9543109000000003
3.9543529000000004
3.9543589000000003
3.9544449000000004
3.9544509000000003
3.9544749000000006
3.9544749000000006
3.9544989000000004
3.9545069
3.9545169000000002
3.9545449000000006
3.9545759000000005
3.9546279
3.9546339000000006
3.9546649000000005
3.9547389
3.9547449000000006
3.9547669000000005
3.9547679000000002
3.9547709
3.9547759000000005
3.9548039000000004
3.9548229000000004
3.9548419000000004
3.9549169
3.9549789000000004
3.9550009000000004
3.9550169000000004
3.9550549000000004
3.9550569
3.9550689000000006
3.9551119000000003
3.9551569000000004
3.9551619000000002
3.9551669000000005
3.9552169000000004
3.9552749000000005
3.9553069000000005
3.9553289000000005
3.9553329
3.9553359000000006
3.9553379000000004
3.9553499000000003
3.9554199000000003
3.9554669000000002
3.9555389000000005
3.9555699000000004
3.9556369000000005
3.9556459000000004
3.9556569000000006
3.9556709000000003
3.9557249000000003
3.9557819000000003
3.9557939
3.9558689000000005
3.9558859
3.9559269000000006
3.9559409000000003
3.9559449000000004
3.9559659000000003
3.9560489000000003
3.9561159000000004
3.9561239000000006
3.9561989000000004
3.9562029000000005
3.9563499
3.9563519000000005
3.9563669000000004
3.9563919000000003
3.9565139000000005
3.9565479000000003
3.9565699000000003
3.9566299000000003
3.9567339000000006
3.9567559000000005
3.9568039
3.9568329
3.9568459000000002
3.9568649000000002
3.9569049000000005
3.9569229000000004
3.9569249
3.9569779000000005
3.9570019000000003
3.9570279000000004
3.9570599000000004
3.9571089
3.9572319000000005
3.9572899000000006
3.9572899000000006
3.9574009000000006
3.9577779000000004
3.9581509000000006
3.9582559
3.9582759000000003
3.9587259000000006
3.9587439000000004
3.9590439
3.9592099000000003
3.9592249
3.9598449000000002
3.9599869000000005
3.9610599000000004
3.9611889000000002
3.9613199000000003
3.9615879000000005
3.9615979000000006
3.9619639
3.9639689000000002
3.9642579000000002
3.9643319000000004
3.9646099000000006
3.9648269000000003
3.9654389000000005
3.9676809000000004
3.9677779
3.9690899
3.9693499000000005
3.9707329000000002
3.9710779000000005
3.9724999000000003
3.9740209
3.9741959000000002
3.9743489000000003
3.9759059000000003
3.9763469000000002
3.9796929000000003
trimmed mean: 3.9572265375000013
trimmed stddev: 0.005417397626498681
trimmed mean (rounded): 4.0
trimmed stddev (rounded): 0.0
