9789263
9888814
10147393
10164244
9905455
9775943
9863188
9885034
9771115
9764647
9748321
9757327
9783037
9756240
9755923
9764295
9749013
9756585
9769387
9755982
9769127
9757438
9755199
9749163
9755038
9755978
9753822
9877579
9755694
9749507
9754323
9754544
9753794
9759262
9755674
9749910
9754805
9761226
9754841
9754133
9755204
9755762
9748379
9755016
9755370
9754285
9756667
9756429
9749317
9754294
9756404
9758763
9755831
9755254
9749139
9757039
9759081
9753977
9754879
9753498
9748518
9755964
9764006
10088415
9864918
9857396
9832266
9751844
9759247
9758781
9873545
9754390
9755457
9749128
9754067
9755106
9754702
9756607
9757015
9751130
9755607
9767718
9767815
9758293
9776384
9756771
9748365
9761625
9757146
9757327
9755092
9754536
9749101
9754482
9774058
9755094
9755366
9754582
9748440
9754275
9756236
9753860
9755149
9758188
9756153
9749417
9756942
9756793
9756960
9755906
9754860
9748410
9754152
9761097
9756962
9760024
9754665
9748609
9754613
9770770
9755054
9756902
9774233
9749468
9759882
9754808
9753965
9754240
9755194
9755373
9749874
9754512
9754348
9753836
9756841
9754298
9748667
9754488
9758313
9756003
9756387
9754302
9748443
9755387
9754804
9753883
9754671
9754343
9748385
9754066
9754554
9755683
9756389
9754512
9755504
9749343
9755576
9754120
9756161
9753903
9783504
9748538
9756086
9754396
9755312
9754813
9754782
9748194
9755819
9757269
9753350
9754776
9754954
9825722
9761357
10688513
9779730
9940759
9825963
9765476
10116753
9757815
9755375
9764864
9762001
9774386
9755708
9749365
9764369
9756883
9756551
9757065
9754185
9748310
9761635
9757097
9755344
9756870
9772537
9749389
