1421985.45319
1423940.72779
1424102.74829
1424467.49829
1425026.5708899999
1425251.61799
1425945.97669
1426630.88939
1426684.35409
1426785.83639
1427471.50739
1427582.45519
1427685.3360899999
1427800.00899
1428070.08699
1428124.6148899999
1428145.73259
1428151.89829
1428372.11589
1428647.77769
1428723.11719
1428778.0930899999
1428849.00669
1428869.3149899999
1428923.91849
1429157.2683899999
1429295.53289
1429374.80359
1429486.4022899999
1429505.53439
1429613.1466899998
1429766.19339
1429869.0094899999
1429962.65239
1430029.1466899998
1430426.13099
1430489.0915899999
1430796.8870899999
1430806.29629
1430972.7672899999
1431011.3001899999
1431058.51829
1431343.94829
1431430.98359
1431473.03229
1431511.36209
1431673.82529
1431687.80229
1431800.9462899999
1431879.45879
1431885.43559
1431985.6692899999
1432288.19759
1432290.31939
1432368.16549
1432423.25779
1432435.83329
1432582.59229
1432829.5327899999
1433040.4214899999
1433102.76149
1433236.6052899999
1433300.42109
1433416.58729
1433721.46149
1433860.70939
1433921.68899
1434083.81669
1434169.10429
1434266.98839
1434301.73889
1434328.51539
1434439.3101899999
1434587.85079
1434604.84909
1434788.27089
1434959.46259
1434988.63099
1435180.44949
1435668.57649
trimmed mean: 1430606.19903125
trimmed stddev: 3037.359937209137
trimmed mean (rounded): 1430606.2
trimmed stddev (rounded): 3037.4
