14161083093
14244733020
14219912569
14319914730
14295113381
14333062248
14313497520
14308121000
14342727921
14315171658
14274773111
14281304186
14349944347
14266366931
14241085520
14250323746
14288548104
14316936060
14309785710
14366907390
14331085652
14322961231
14298748132
14310171039
14340896204
14318912393
14287289209
14293013366
14297719971
14318067500
14294922060
14323739692
14300349504
14266901578
14252574217
14338665131
14344451139
14341749080
14339274927
14278058127
14318852625
14322940013
14382552347
14328353365
14296189504
13903412243
14310643220
14239465315
14289297222
14304948953
14325883960
14366405819
14403830619
14349652663
14314367873
14259517804
14359769186
14324416370
14281577020
13528995446
13810846221
14037360643
14045624344
12651695880
14148701742
14177015082
14308026908
14276911398
14291630721
14287838968
14283779196
14403458477
14356743802
14347940746
14324290615
14293806073
14299684561
14304319347
14343075426
14267916401
14330462252
14360279078
14346106528
14365323056
14286535814
14280758907
14275882589
14281515363
14314788360
14387047654
14375118972
14334223910
14169473170
14343343191
14351862532
14316796290
14332424090
14345936545
14337272652
14288751187
